800 480
250 153
250 153
251 152
251 153
251 153
251 152
252 151
252 152
252 151
252 152
253 151
253 152
253 153
253 153
254 152
254 153
254 153
254 153
254 152
255 152
255 152
255 152
255 153
254 152
254 152
254 152
254 151
255 151
255 151
255 151
255 150
256 150
256 150
256 150
257 151
256 151
256 151
256 151
257 150
257 151
257 151
257 151
258 152
257 152
257 152
257 152
258 153
257 153
257 153
257 153
258 152
258 153
258 153
258 152
259 151
259 152
259 151
259 152
260 151
260 152
260 153
260 153
261 152
261 153
261 153
261 153
261 152
262 152
262 152
262 152
262 153
261 152
261 152
261 152
261 151
262 151
262 151
262 151
262 150
263 150
263 150
263 150
262 150
262 149
262 149
261 149
260 149
261 148
260 148
261 148
260 148
261 147
262 147
262 147
261 147
261 146
261 146
261 146
262 145
262 146
262 146
262 145
263 144
263 145
263 144
263 145
264 144
264 145
264 146
264 146
265 145
265 146
265 146
265 146
265 145
266 145
266 145
266 145
266 146
265 145
265 145
265 145
265 144
266 144
266 144
266 144
266 143
267 143
267 143
267 143
268 143
268 144
268 144
268 144
269 144
269 145
269 145
269 145
269 146
268 145
268 145
268 145
269 145
269 146
269 146
269 146
270 145
270 146
270 146
271 146
270 146
271 145
272 145
272 146
272 146
272 146
272 147
272 147
273 146
273 147
273 147
273 147
273 148
272 148
272 148
272 148
273 149
272 149
272 149
272 149
272 150
271 149
271 149
271 149
271 150
270 150
270 150
270 150
271 150
271 151
271 151
271 151
272 151
272 152
272 152
272 152
272 153
271 152
271 152
271 152
272 152
272 153
272 153
272 153
273 152
273 153
273 153
273 152
274 151
274 152
274 151
274 152
275 151
275 152
275 153
275 153
276 152
276 153
276 153
276 153
276 152
277 152
277 152
277 152
277 153
276 152
276 152
276 152
276 151
277 151
277 151
277 151
277 150
278 150
278 150
278 150
279 151
278 151
278 151
278 151
279 150
279 151
279 151
279 151
280 152
279 152
279 152
279 152
280 153
279 153
279 153
279 153
280 152
280 153
280 153
280 152
281 151
281 152
281 151
281 152
282 151
282 152
282 153
282 153
283 152
283 153
283 153
283 153
283 152
284 152
284 152
284 152
284 153
283 152
283 152
283 152
283 151
284 151
284 151
284 151
284 150
285 150
285 150
285 150
284 150
284 149
284 149
283 149
282 149
283 148
282 148
283 148
282 148
283 147
284 147
284 147
283 147
283 146
283 146
283 146
284 145
284 146
284 146
284 145
285 144
285 145
285 144
285 145
286 144
286 145
286 146
286 146
287 145
287 146
287 146
287 146
287 145
288 145
288 145
288 145
288 146
287 145
287 145
287 145
287 144
288 144
288 144
288 144
288 143
289 143
289 143
289 143
288 143
288 142
288 142
288 142
288 143
287 142
287 142
287 142
287 141
288 141
288 141
288 141
287 141
287 140
287 140
287 140
287 141
286 140
286 140
286 140
286 141
285 140
285 140
285 140
284 140
285 139
285 139
285 139
285 140
284 139
284 139
284 139
284 138
285 138
285 138
285 138
285 138
285 138
285 138
285 138
285 138
285 138
285 138
285 138
285 137
286 137
286 137
286 137
285 137
285 136
285 136
285 136
285 137
284 136
284 136
284 136
284 135
285 135
285 135
285 135
284 135
284 134
284 134
284 134
285 133
285 134
285 134
285 134
285 133
286 133
286 133
286 133
287 134
286 134
286 134
286 134
287 133
287 134
287 134
287 134
287 133
288 133
288 133
288 133
288 134
287 133
287 133
287 133
287 132
288 132
288 132
288 132
288 131
289 131
289 131
289 131
290 131
290 132
290 132
290 132
291 132
291 133
291 133
291 133
291 134
290 133
290 133
290 133
291 133
291 134
291 134
291 134
292 133
292 134
292 134
292 134
292 133
293 133
293 133
293 133
294 134
293 134
293 134
293 134
294 133
294 134
294 134
294 134
294 133
295 133
295 133
295 133
295 134
294 133
294 133
294 133
294 132
295 132
295 132
295 132
295 131
296 131
296 131
296 131
295 131
295 130
295 130
294 130
293 130
294 129
293 129
294 129
293 129
294 128
295 128
295 128
294 128
294 127
294 127
294 127
295 126
295 127
295 127
295 126
296 125
296 126
296 125
296 126
297 125
297 126
297 127
297 127
298 126
298 127
298 127
298 127
298 126
299 126
299 126
299 126
299 127
298 126
298 126
298 126
298 125
299 125
299 125
299 125
299 124
300 124
300 124
300 124
301 124
301 125
301 125
301 125
302 125
302 126
302 126
302 126
302 127
301 126
301 126
301 126
302 126
302 127
302 127
302 127
303 126
303 127
303 127
303 126
304 125
304 126
304 125
304 126
305 125
305 126
305 127
305 127
306 126
306 127
306 127
306 127
306 128
305 128
305 128
306 128
307 129
306 129
307 129
306 129
307 130
306 130
305 130
305 130
305 131
304 131
304 131
304 131
305 131
305 132
305 132
305 132
306 132
306 133
306 133
306 133
306 134
305 133
305 133
305 133
306 133
306 134
306 134
306 134
307 133
307 134
307 134
307 134
307 133
308 133
308 133
308 133
309 134
308 134
308 134
308 134
309 133
309 134
309 134
309 134
309 133
310 133
310 133
310 133
310 134
309 133
309 133
309 133
309 132
310 132
310 132
310 132
310 131
311 131
311 131
311 131
312 131
312 132
312 132
312 132
313 132
313 133
313 133
313 133
313 134
312 133
312 133
312 133
313 133
313 134
313 134
313 134
314 133
314 134
314 134
314 134
314 133
315 133
315 133
315 133
316 134
315 134
315 134
315 134
316 133
316 134
316 134
316 134
316 135
315 135
315 135
315 135
316 135
316 136
316 136
316 136
316 137
315 136
315 136
315 136
315 137
314 137
314 137
314 137
315 137
315 138
315 138
315 138
315 138
315 138
315 138
315 138
315 138
315 138
315 138
315 138
316 138
316 139
316 139
316 139
316 140
315 139
315 139
315 139
316 140
315 140
315 140
315 140
315 141
314 140
314 140
314 140
314 141
313 140
313 140
313 140
313 141
312 141
312 141
312 141
313 141
313 142
313 142
313 142
313 143
312 142
312 142
312 142
312 143
311 143
311 143
311 143
312 143
312 144
312 144
312 144
313 144
313 145
313 145
313 145
313 146
312 145
312 145
312 145
313 145
313 146
313 146
313 146
314 145
314 146
314 146
314 145
315 144
315 145
315 144
315 145
316 144
316 145
316 146
316 146
317 145
317 146
317 146
317 146
317 147
316 147
316 147
317 147
318 148
317 148
318 148
317 148
318 149
317 149
316 149
316 149
316 150
315 150
315 150
315 150
316 150
316 151
316 151
316 151
317 151
317 152
317 152
317 152
317 153
316 152
316 152
316 152
317 152
317 153
317 153
317 153
318 152
318 153
318 153
318 152
319 151
319 152
319 151
319 152
320 151
320 152
320 153
320 153
321 152
321 153
321 153
321 153
321 152
322 152
322 152
322 152
322 153
321 152
321 152
321 152
321 151
322 151
322 151
322 151
322 150
323 150
323 150
323 150
324 151
323 151
323 151
323 151
324 150
324 151
324 151
324 151
325 152
324 152
324 152
324 152
325 153
324 153
324 153
324 153
325 152
325 153
325 153
325 152
326 151
326 152
326 151
326 152
327 151
327 152
327 153
327 153
328 152
328 153
328 153
328 153
328 152
329 152
329 152
329 152
329 153
328 152
328 152
328 152
328 151
329 151
329 151
329 151
329 150
330 150
330 150
330 150
329 150
329 149
329 149
328 149
327 149
328 148
327 148
328 148
327 148
328 147
329 147
329 147
328 147
328 146
328 146
328 146
329 145
329 146
329 146
329 145
330 144
330 145
330 144
330 145
331 144
331 145
331 146
331 146
332 145
332 146
332 146
332 146
332 145
333 145
333 145
333 145
333 146
332 145
332 145
332 145
332 144
333 144
333 144
333 144
333 143
334 143
334 143
334 143
335 143
335 144
335 144
335 144
336 144
336 145
336 145
336 145
336 146
335 145
335 145
335 145
336 145
336 146
336 146
336 146
337 145
337 146
337 146
338 146
337 146
338 145
339 145
339 146
339 146
339 146
339 147
339 147
340 146
340 147
340 147
340 147
340 148
339 148
339 148
339 148
340 149
339 149
339 149
339 149
339 150
338 149
338 149
338 149
338 150
337 150
337 150
337 150
338 150
338 151
338 151
338 151
339 151
339 152
339 152
339 152
339 153
338 152
338 152
338 152
339 152
339 153
339 153
339 153
340 152
340 153
340 153
340 152
341 151
341 152
341 151
341 152
342 151
342 152
342 153
342 153
343 152
343 153
343 153
343 153
343 152
344 152
344 152
344 152
344 153
343 152
343 152
343 152
343 151
344 151
344 151
344 151
344 150
345 150
345 150
345 150
346 151
345 151
345 151
345 151
346 150
346 151
346 151
346 151
347 152
346 152
346 152
346 152
347 153
346 153
346 153
346 153
347 152
347 153
347 153
347 152
348 151
348 152
348 151
348 152
349 151
349 152
349 153
349 153
350 152
350 153
350 153
350 153
350 152
351 152
351 152
351 152
351 153
350 152
350 152
350 152
350 151
351 151
351 151
351 151
351 150
352 150
352 150
352 150
351 150
351 149
351 149
350 149
349 149
350 148
349 148
350 148
349 148
350 147
351 147
351 147
350 147
350 146
350 146
350 146
351 145
351 146
351 146
351 145
352 144
352 145
352 144
352 145
353 144
353 145
353 146
353 146
354 145
354 146
354 146
354 146
354 145
355 145
355 145
355 145
355 146
354 145
354 145
354 145
354 144
355 144
355 144
355 144
355 143
356 143
356 143
356 143
355 143
355 142
355 142
355 142
355 143
354 142
354 142
354 142
354 141
355 141
355 141
355 141
354 141
354 140
354 140
354 140
354 141
353 140
353 140
353 140
353 141
352 140
352 140
352 140
351 140
352 139
352 139
352 139
352 140
351 139
351 139
351 139
351 138
352 138
352 138
352 138
352 138
352 138
352 138
352 138
352 138
352 138
352 138
352 138
352 137
353 137
353 137
353 137
352 137
352 136
352 136
352 136
352 137
351 136
351 136
351 136
351 135
352 135
352 135
352 135
351 135
351 134
351 134
351 134
352 133
352 134
352 134
352 134
352 133
353 133
353 133
353 133
354 134
353 134
353 134
353 134
354 133
354 134
354 134
354 134
354 133
355 133
355 133
355 133
355 134
354 133
354 133
354 133
354 132
355 132
355 132
355 132
355 131
356 131
356 131
356 131
357 131
357 132
357 132
357 132
358 132
358 133
358 133
358 133
358 134
357 133
357 133
357 133
358 133
358 134
358 134
358 134
359 133
359 134
359 134
359 134
359 133
360 133
360 133
360 133
361 134
360 134
360 134
360 134
361 133
361 134
361 134
361 134
361 133
362 133
362 133
362 133
362 134
361 133
361 133
361 133
361 132
362 132
362 132
362 132
362 131
363 131
363 131
363 131
362 131
362 130
362 130
361 130
360 130
361 129
360 129
361 129
360 129
361 128
362 128
362 128
361 128
361 127
361 127
361 127
362 126
362 127
362 127
362 126
363 125
363 126
363 125
363 126
364 125
364 126
364 127
364 127
365 126
365 127
365 127
365 127
365 126
366 126
366 126
366 126
366 127
365 126
365 126
365 126
365 125
366 125
366 125
366 125
366 124
367 124
367 124
367 124
366 124
366 123
366 123
366 123
366 124
365 123
365 123
365 123
365 122
366 122
366 122
366 122
365 122
365 121
365 121
365 121
365 122
364 121
364 121
364 122
364 123
363 122
363 123
363 122
363 123
362 122
362 121
362 121
362 122
361 121
361 121
361 121
361 120
362 120
362 120
362 120
362 121
361 120
361 120
361 120
361 119
362 119
362 119
362 119
362 118
363 118
363 118
363 118
362 118
362 117
362 117
362 117
362 118
361 117
361 117
361 117
361 116
362 116
362 116
362 116
361 116
361 115
361 115
361 115
361 116
360 115
360 115
360 116
360 117
359 116
359 117
359 116
359 117
358 116
358 115
358 115
358 116
357 115
357 115
357 115
357 116
356 116
356 116
356 116
356 116
356 116
356 116
356 116
356 116
356 116
356 116
356 116
356 117
355 117
355 117
355 117
354 117
355 116
355 116
355 116
355 117
354 116
354 116
354 116
353 116
354 115
354 115
354 115
353 115
354 114
354 114
354 114
354 115
353 114
353 114
353 115
353 116
352 115
352 116
352 115
352 116
351 115
351 114
351 114
351 115
350 114
350 114
350 114
350 113
351 113
351 113
351 113
351 114
350 113
350 113
350 113
350 112
351 112
351 112
351 112
351 111
352 111
352 111
352 111
351 111
351 110
351 110
351 110
351 111
350 110
350 110
350 110
350 109
351 109
351 109
351 109
350 109
350 108
350 108
350 108
351 107
351 108
351 108
351 107
352 106
352 107
352 106
352 107
353 106
353 107
353 108
353 108
354 107
354 108
354 108
354 108
354 107
355 107
355 107
355 107
355 108
354 107
354 107
354 107
354 106
355 106
355 106
355 106
355 105
356 105
356 105
356 105
355 105
355 104
355 104
355 104
355 105
354 104
354 104
354 104
354 103
355 103
355 103
355 103
354 103
354 102
354 102
354 102
354 103
353 102
353 102
353 103
353 104
352 103
352 104
352 103
352 104
351 103
351 102
351 102
351 103
350 102
350 102
350 102
350 101
351 101
351 101
351 101
351 102
350 101
350 101
350 101
350 100
351 100
351 100
351 100
351 99
352 99
352 99
352 99
351 99
351 98
351 98
351 98
351 99
350 98
350 98
350 98
350 97
351 97
351 97
351 97
350 97
350 96
350 96
350 96
351 95
351 96
351 96
351 95
352 94
352 95
352 94
352 95
353 94
353 95
353 96
353 96
354 95
354 96
354 96
354 96
354 95
355 95
355 95
355 95
355 96
354 95
354 95
354 95
354 94
355 94
355 94
355 94
355 93
356 93
356 93
356 93
357 94
356 94
356 94
356 94
357 93
357 94
357 94
357 94
358 95
357 95
357 95
357 95
358 96
357 96
357 96
357 96
358 95
358 96
358 96
358 95
359 94
359 95
359 94
359 95
360 94
360 95
360 96
360 96
361 95
361 96
361 96
361 96
361 95
362 95
362 95
362 95
362 96
361 95
361 95
361 95
361 94
362 94
362 94
362 94
362 93
363 93
363 93
363 93
362 93
362 92
362 92
362 92
362 93
361 92
361 92
361 92
360 92
361 91
361 91
361 91
360 91
360 90
360 90
360 90
361 89
361 90
361 90
361 89
361 89
361 89
361 88
362 88
363 89
362 89
363 89
363 89
364 88
364 89
364 89
364 89
364 88
365 88
365 88
365 88
365 89
364 88
364 88
364 88
364 87
365 87
365 87
365 87
365 86
366 86
366 86
366 86
367 86
367 87
367 87
367 87
368 87
368 88
368 88
368 88
368 89
367 88
367 88
367 88
368 88
368 89
368 89
368 89
369 88
369 89
369 89
369 88
370 87
370 88
370 87
370 88
371 87
371 88
371 89
371 89
372 88
372 89
372 89
372 89
372 90
371 90
371 90
371 90
372 90
372 91
372 91
372 91
372 92
371 91
371 91
371 91
371 92
370 92
370 92
370 92
371 92
371 93
371 93
371 93
372 93
372 94
372 94
372 94
372 95
371 94
371 94
371 94
372 94
372 95
372 95
372 95
373 94
373 95
373 95
373 94
374 93
374 94
374 93
374 94
375 93
375 94
375 95
375 95
376 94
376 95
376 95
376 95
376 94
377 94
377 94
377 94
377 95
376 94
376 94
376 94
376 93
377 93
377 93
377 93
377 92
378 92
378 92
378 92
379 93
378 93
378 93
378 93
379 92
379 93
379 93
379 93
380 94
379 94
379 94
379 94
380 95
379 95
379 95
379 95
380 94
380 95
380 95
380 94
381 93
381 94
381 93
381 94
382 93
382 94
382 95
382 95
383 94
383 95
383 95
383 95
383 94
384 94
384 94
384 94
384 95
383 94
383 94
383 94
383 93
384 93
384 93
384 93
384 92
385 92
385 92
385 92
384 92
384 91
384 91
383 91
382 91
383 90
382 90
383 90
382 90
383 89
384 89
384 89
383 89
383 88
383 88
383 88
384 87
384 88
384 88
384 87
385 86
385 87
385 86
385 87
386 86
386 87
386 88
386 88
387 87
387 88
387 88
387 88
387 87
388 87
388 87
388 87
388 88
387 87
387 87
387 87
387 86
388 86
388 86
388 86
388 85
389 85
389 85
389 85
388 85
388 84
388 84
388 84
388 85
387 84
387 84
387 84
387 83
388 83
388 83
388 83
387 83
387 82
387 82
387 82
387 83
386 82
386 82
386 82
386 83
385 82
385 82
385 82
384 82
385 81
385 81
385 81
385 82
384 81
384 81
384 81
384 80
385 80
385 80
385 80
385 80
385 80
385 80
385 80
385 80
385 80
385 80
385 80
385 79
386 79
386 79
386 79
385 79
385 78
385 78
385 78
385 79
384 78
384 78
384 78
384 77
385 77
385 77
385 77
384 77
384 76
384 76
384 76
385 75
385 76
385 76
385 76
385 75
386 75
386 75
386 75
387 76
386 76
386 76
386 76
387 75
387 76
387 76
387 76
387 75
388 75
388 75
388 75
388 76
387 75
387 75
387 75
387 74
388 74
388 74
388 74
388 73
389 73
389 73
389 73
390 73
390 74
390 74
390 74
391 74
391 75
391 75
391 75
391 76
390 75
390 75
390 75
391 75
391 76
391 76
391 76
392 75
392 76
392 76
392 76
392 75
393 75
393 75
393 75
394 76
393 76
393 76
393 76
394 75
394 76
394 76
394 76
394 75
395 75
395 75
395 75
395 76
394 75
394 75
394 75
394 74
395 74
395 74
395 74
395 73
396 73
396 73
396 73
395 73
395 72
395 72
394 72
393 72
394 71
393 71
394 71
393 71
394 70
395 70
395 70
394 70
394 69
394 69
394 69
395 68
395 69
395 69
395 68
396 67
396 68
396 67
396 68
397 67
397 68
397 69
397 69
398 68
398 69
398 69
398 69
398 68
399 68
399 68
399 68
399 69
398 68
398 68
398 68
398 67
399 67
399 67
399 67
399 66
400 66
400 66
400 66
401 66
401 67
401 67
401 67
402 67
402 68
402 68
402 68
402 69
401 68
401 68
401 68
402 68
402 69
402 69
402 69
403 68
403 69
403 69
403 68
404 67
404 68
404 67
404 68
405 67
405 68
405 69
405 69
406 68
406 69
406 69
406 69
406 70
405 70
405 70
406 70
407 71
406 71
407 71
406 71
407 72
406 72
405 72
405 72
405 73
404 73
404 73
404 73
405 73
405 74
405 74
405 74
406 74
406 75
406 75
406 75
406 76
405 75
405 75
405 75
406 75
406 76
406 76
406 76
407 75
407 76
407 76
407 76
407 75
408 75
408 75
408 75
409 76
408 76
408 76
408 76
409 75
409 76
409 76
409 76
409 75
410 75
410 75
410 75
410 76
409 75
409 75
409 75
409 74
410 74
410 74
410 74
410 73
411 73
411 73
411 73
412 73
412 74
412 74
412 74
413 74
413 75
413 75
413 75
413 76
412 75
412 75
412 75
413 75
413 76
413 76
413 76
414 75
414 76
414 76
414 76
414 75
415 75
415 75
415 75
416 76
415 76
415 76
415 76
416 75
416 76
416 76
416 76
416 77
415 77
415 77
415 77
416 77
416 78
416 78
416 78
416 79
415 78
415 78
415 78
415 79
414 79
414 79
414 79
415 79
415 80
415 80
415 80
415 80
415 80
415 80
415 80
415 80
415 80
415 80
415 80
416 80
416 81
416 81
416 81
416 82
415 81
415 81
415 81
416 82
415 82
415 82
415 82
415 83
414 82
414 82
414 82
414 83
413 82
413 82
413 82
413 83
412 83
412 83
412 83
413 83
413 84
413 84
413 84
413 85
412 84
412 84
412 84
412 85
411 85
411 85
411 85
412 85
412 86
412 86
412 86
413 86
413 87
413 87
413 87
413 88
412 87
412 87
412 87
413 87
413 88
413 88
413 88
414 87
414 88
414 88
414 87
415 86
415 87
415 86
415 87
416 86
416 87
416 88
416 88
417 87
417 88
417 88
417 88
417 89
416 89
416 89
417 89
418 90
417 90
418 90
417 90
418 91
417 91
416 91
416 91
416 92
415 92
415 92
415 92
416 92
416 93
416 93
416 93
417 93
417 94
417 94
417 94
417 95
416 94
416 94
416 94
417 94
417 95
417 95
417 95
418 94
418 95
418 95
418 94
419 93
419 94
419 93
419 94
420 93
420 94
420 95
420 95
421 94
421 95
421 95
421 95
421 94
422 94
422 94
422 94
422 95
421 94
421 94
421 94
421 93
422 93
422 93
422 93
422 92
423 92
423 92
423 92
424 93
423 93
423 93
423 93
424 92
424 93
424 93
424 93
425 94
424 94
424 94
424 94
425 95
424 95
424 95
424 95
425 94
425 95
425 95
425 94
426 93
426 94
426 93
426 94
427 93
427 94
427 95
427 95
428 94
428 95
428 95
428 95
428 94
429 94
429 94
429 94
429 95
428 94
428 94
428 94
428 93
429 93
429 93
429 93
429 92
430 92
430 92
430 92
429 92
429 91
429 91
429 91
429 92
428 91
428 91
428 91
428 90
429 90
429 90
429 90
428 90
428 89
428 89
428 89
429 88
429 89
429 89
429 88
430 87
430 88
430 87
430 88
431 87
431 88
431 89
431 89
432 88
432 89
432 89
432 89
432 88
433 88
433 88
433 88
433 89
432 88
432 88
432 88
432 87
433 87
433 87
433 87
433 86
434 86
434 86
434 86
435 86
435 87
435 87
435 87
436 87
436 88
436 88
436 88
436 89
435 88
435 88
435 88
436 88
436 89
436 89
436 89
437 88
437 89
437 89
438 89
437 89
438 88
439 88
439 89
439 89
439 89
439 90
439 90
440 89
440 90
440 90
440 90
440 91
439 91
439 91
439 91
440 92
439 92
439 92
439 92
439 93
438 92
438 92
438 92
438 93
437 93
437 93
437 93
438 93
438 94
438 94
438 94
439 94
439 95
439 95
439 95
439 96
438 95
438 95
438 95
439 95
439 96
439 96
439 96
440 95
440 96
440 96
440 95
441 94
441 95
441 94
441 95
442 94
442 95
442 96
442 96
443 95
443 96
443 96
443 96
443 95
444 95
444 95
444 95
444 96
443 95
443 95
443 95
443 94
444 94
444 94
444 94
444 93
445 93
445 93
445 93
446 94
445 94
445 94
445 94
446 93
446 94
446 94
446 94
447 95
446 95
446 95
446 95
447 96
446 96
446 96
446 96
447 95
447 96
447 96
447 95
448 94
448 95
448 94
448 95
449 94
449 95
449 96
449 96
450 95
450 96
450 96
450 96
450 97
449 97
449 97
449 97
450 97
450 98
450 98
450 98
450 99
449 98
449 98
449 98
449 99
448 99
448 99
448 99
449 99
449 100
449 100
449 100
450 100
450 101
450 101
450 101
450 102
449 101
449 101
449 101
450 101
450 102
450 102
450 102
450 103
449 102
449 102
449 103
449 104
448 103
448 104
448 103
448 104
447 103
447 102
447 102
447 103
446 102
446 102
446 102
446 103
445 103
445 103
445 103
446 103
446 104
446 104
446 104
446 105
445 104
445 104
445 104
445 105
444 105
444 105
444 105
445 105
445 106
445 106
445 106
446 106
446 107
446 107
446 107
446 108
445 107
445 107
445 107
446 107
446 108
446 108
446 108
447 107
447 108
447 108
447 107
448 106
448 107
448 106
448 107
449 106
449 107
449 108
449 108
450 107
450 108
450 108
450 108
450 109
449 109
449 109
449 109
450 109
450 110
450 110
450 110
450 111
449 110
449 110
449 110
449 111
448 111
448 111
448 111
449 111
449 112
449 112
449 112
450 112
450 113
450 113
450 113
450 114
449 113
449 113
449 113
450 113
450 114
450 114
450 114
450 115
449 114
449 114
449 115
449 116
448 115
448 116
448 115
448 116
447 115
447 114
447 114
447 115
446 114
446 114
446 114
447 115
446 115
446 115
446 115
447 116
446 116
446 116
446 116
446 117
445 116
445 116
445 116
446 117
445 117
445 117
445 117
444 117
444 116
444 116
444 116
444 116
444 116
444 116
444 116
444 116
444 116
444 116
444 116
443 116
443 115
443 115
443 115
443 116
442 115
442 115
442 116
442 117
441 116
441 117
441 116
441 117
440 116
440 115
440 115
440 116
439 115
439 115
439 115
439 116
438 116
438 116
438 116
439 116
439 117
439 117
439 117
439 118
438 117
438 117
438 117
438 118
437 118
437 118
437 118
438 118
438 119
438 119
438 119
439 119
439 120
439 120
439 120
439 121
438 120
438 120
438 120
439 120
439 121
439 121
439 121
439 122
438 121
438 121
438 122
438 123
437 122
437 123
437 122
437 123
436 122
436 121
436 121
436 122
435 121
435 121
435 121
435 122
434 122
434 122
434 122
435 122
435 123
435 123
435 123
435 124
434 123
434 123
434 123
434 124
433 124
433 124
433 124
434 124
434 125
434 125
434 125
435 125
435 126
435 126
435 126
435 127
434 126
434 126
434 126
435 126
435 127
435 127
435 127
436 126
436 127
436 127
436 126
437 125
437 126
437 125
437 126
438 125
438 126
438 127
438 127
439 126
439 127
439 127
439 127
439 128
438 128
438 128
439 128
440 129
439 129
440 129
439 129
440 130
439 130
438 130
438 130
438 131
437 131
437 131
437 131
438 131
438 132
438 132
438 132
439 132
439 133
439 133
439 133
439 134
438 133
438 133
438 133
439 133
439 134
439 134
439 134
440 133
440 134
440 134
440 134
440 133
441 133
441 133
441 133
442 134
441 134
441 134
441 134
442 133
442 134
442 134
442 134
442 133
443 133
443 133
443 133
443 134
442 133
442 133
442 133
442 132
443 132
443 132
443 132
443 131
444 131
444 131
444 131
445 131
445 132
445 132
445 132
446 132
446 133
446 133
446 133
446 134
445 133
445 133
445 133
446 133
446 134
446 134
446 134
447 133
447 134
447 134
447 134
447 133
448 133
448 133
448 133
449 134
448 134
448 134
448 134
449 133
449 134
449 134
449 134
449 135
448 135
448 135
448 135
449 135
449 136
449 136
449 136
449 137
448 136
448 136
448 136
448 137
447 137
447 137
447 137
448 137
448 138
448 138
448 138
448 138
448 138
448 138
448 138
448 138
448 138
448 138
448 138
449 138
449 139
449 139
449 139
449 140
448 139
448 139
448 139
449 140
448 140
448 140
448 140
448 141
447 140
447 140
447 140
447 141
446 140
446 140
446 140
446 141
445 141
445 141
445 141
446 141
446 142
446 142
446 142
446 143
445 142
445 142
445 142
445 143
444 143
444 143
444 143
445 143
445 144
445 144
445 144
446 144
446 145
446 145
446 145
446 146
445 145
445 145
445 145
446 145
446 146
446 146
446 146
447 145
447 146
447 146
447 145
448 144
448 145
448 144
448 145
449 144
449 145
449 146
449 146
450 145
450 146
450 146
450 146
450 147
449 147
449 147
450 147
451 148
450 148
451 148
450 148
451 149
450 149
449 149
449 149
449 150
448 150
448 150
448 150
449 150
449 151
449 151
449 151
450 151
450 152
450 152
450 152
450 153
449 152
449 152
449 152
450 152
450 153
450 153
450 153
451 152
451 153
451 153
451 152
452 151
452 152
452 151
452 152
453 151
453 152
453 153
453 153
454 152
454 153
454 153
454 153
454 152
455 152
455 152
455 152
455 153
454 152
454 152
454 152
454 151
455 151
455 151
455 151
455 150
456 150
456 150
456 150
457 151
456 151
456 151
456 151
457 150
457 151
457 151
457 151
458 152
457 152
457 152
457 152
458 153
457 153
457 153
457 153
458 152
458 153
458 153
458 152
459 151
459 152
459 151
459 152
460 151
460 152
460 153
460 153
461 152
461 153
461 153
461 153
461 152
462 152
462 152
462 152
462 153
461 152
461 152
461 152
461 151
462 151
462 151
462 151
462 150
463 150
463 150
463 150
462 150
462 149
462 149
461 149
460 149
461 148
460 148
461 148
460 148
461 147
462 147
462 147
461 147
461 146
461 146
461 146
462 145
462 146
462 146
462 145
463 144
463 145
463 144
463 145
464 144
464 145
464 146
464 146
465 145
465 146
465 146
465 146
465 145
466 145
466 145
466 145
466 146
465 145
465 145
465 145
465 144
466 144
466 144
466 144
466 143
467 143
467 143
467 143
468 143
468 144
468 144
468 144
469 144
469 145
469 145
469 145
469 146
468 145
468 145
468 145
469 145
469 146
469 146
469 146
470 145
470 146
470 146
471 146
470 146
471 145
472 145
472 146
472 146
472 146
472 147
472 147
473 146
473 147
473 147
473 147
473 148
472 148
472 148
472 148
473 149
472 149
472 149
472 149
472 150
471 149
471 149
471 149
471 150
470 150
470 150
470 150
471 150
471 151
471 151
471 151
472 151
472 152
472 152
472 152
472 153
471 152
471 152
471 152
472 152
472 153
472 153
472 153
473 152
473 153
473 153
473 152
474 151
474 152
474 151
474 152
475 151
475 152
475 153
475 153
476 152
476 153
476 153
476 153
476 152
477 152
477 152
477 152
477 153
476 152
476 152
476 152
476 151
477 151
477 151
477 151
477 150
478 150
478 150
478 150
479 151
478 151
478 151
478 151
479 150
479 151
479 151
479 151
480 152
479 152
479 152
479 152
480 153
479 153
479 153
479 153
480 152
480 153
480 153
480 152
481 151
481 152
481 151
481 152
482 151
482 152
482 153
482 153
483 152
483 153
483 153
483 153
483 152
484 152
484 152
484 152
484 153
483 152
483 152
483 152
483 151
484 151
484 151
484 151
484 150
485 150
485 150
485 150
484 150
484 149
484 149
483 149
482 149
483 148
482 148
483 148
482 148
483 147
484 147
484 147
483 147
483 146
483 146
483 146
484 145
484 146
484 146
484 145
485 144
485 145
485 144
485 145
486 144
486 145
486 146
486 146
487 145
487 146
487 146
487 146
487 145
488 145
488 145
488 145
488 146
487 145
487 145
487 145
487 144
488 144
488 144
488 144
488 143
489 143
489 143
489 143
488 143
488 142
488 142
488 142
488 143
487 142
487 142
487 142
487 141
488 141
488 141
488 141
487 141
487 140
487 140
487 140
487 141
486 140
486 140
486 140
486 141
485 140
485 140
485 140
484 140
485 139
485 139
485 139
485 140
484 139
484 139
484 139
484 138
485 138
485 138
485 138
485 138
485 138
485 138
485 138
485 138
485 138
485 138
485 138
485 137
486 137
486 137
486 137
485 137
485 136
485 136
485 136
485 137
484 136
484 136
484 136
484 135
485 135
485 135
485 135
484 135
484 134
484 134
484 134
485 133
485 134
485 134
485 134
485 133
486 133
486 133
486 133
487 134
486 134
486 134
486 134
487 133
487 134
487 134
487 134
487 133
488 133
488 133
488 133
488 134
487 133
487 133
487 133
487 132
488 132
488 132
488 132
488 131
489 131
489 131
489 131
490 131
490 132
490 132
490 132
491 132
491 133
491 133
491 133
491 134
490 133
490 133
490 133
491 133
491 134
491 134
491 134
492 133
492 134
492 134
492 134
492 133
493 133
493 133
493 133
494 134
493 134
493 134
493 134
494 133
494 134
494 134
494 134
494 133
495 133
495 133
495 133
495 134
494 133
494 133
494 133
494 132
495 132
495 132
495 132
495 131
496 131
496 131
496 131
495 131
495 130
495 130
494 130
493 130
494 129
493 129
494 129
493 129
494 128
495 128
495 128
494 128
494 127
494 127
494 127
495 126
495 127
495 127
495 126
496 125
496 126
496 125
496 126
497 125
497 126
497 127
497 127
498 126
498 127
498 127
498 127
498 126
499 126
499 126
499 126
499 127
498 126
498 126
498 126
498 125
499 125
499 125
499 125
499 124
500 124
500 124
500 124
501 124
501 125
501 125
501 125
502 125
502 126
502 126
502 126
502 127
501 126
501 126
501 126
502 126
502 127
502 127
502 127
503 126
503 127
503 127
503 126
504 125
504 126
504 125
504 126
505 125
505 126
505 127
505 127
506 126
506 127
506 127
506 127
506 128
505 128
505 128
506 128
507 129
506 129
507 129
506 129
507 130
506 130
505 130
505 130
505 131
504 131
504 131
504 131
505 131
505 132
505 132
505 132
506 132
506 133
506 133
506 133
506 134
505 133
505 133
505 133
506 133
506 134
506 134
506 134
507 133
507 134
507 134
507 134
507 133
508 133
508 133
508 133
509 134
508 134
508 134
508 134
509 133
509 134
509 134
509 134
509 133
510 133
510 133
510 133
510 134
509 133
509 133
509 133
509 132
510 132
510 132
510 132
510 131
511 131
511 131
511 131
512 131
512 132
512 132
512 132
513 132
513 133
513 133
513 133
513 134
512 133
512 133
512 133
513 133
513 134
513 134
513 134
514 133
514 134
514 134
514 134
514 133
515 133
515 133
515 133
516 134
515 134
515 134
515 134
516 133
516 134
516 134
516 134
516 135
515 135
515 135
515 135
516 135
516 136
516 136
516 136
516 137
515 136
515 136
515 136
515 137
514 137
514 137
514 137
515 137
515 138
515 138
515 138
515 138
515 138
515 138
515 138
515 138
515 138
515 138
515 138
516 138
516 139
516 139
516 139
516 140
515 139
515 139
515 139
516 140
515 140
515 140
515 140
515 141
514 140
514 140
514 140
514 141
513 140
513 140
513 140
513 141
512 141
512 141
512 141
513 141
513 142
513 142
513 142
513 143
512 142
512 142
512 142
512 143
511 143
511 143
511 143
512 143
512 144
512 144
512 144
513 144
513 145
513 145
513 145
513 146
512 145
512 145
512 145
513 145
513 146
513 146
513 146
514 145
514 146
514 146
514 145
515 144
515 145
515 144
515 145
516 144
516 145
516 146
516 146
517 145
517 146
517 146
517 146
517 147
516 147
516 147
517 147
518 148
517 148
518 148
517 148
518 149
517 149
516 149
516 149
516 150
515 150
515 150
515 150
516 150
516 151
516 151
516 151
517 151
517 152
517 152
517 152
517 153
516 152
516 152
516 152
517 152
517 153
517 153
517 153
518 152
518 153
518 153
518 152
519 151
519 152
519 151
519 152
520 151
520 152
520 153
520 153
521 152
521 153
521 153
521 153
521 152
522 152
522 152
522 152
522 153
521 152
521 152
521 152
521 151
522 151
522 151
522 151
522 150
523 150
523 150
523 150
524 151
523 151
523 151
523 151
524 150
524 151
524 151
524 151
525 152
524 152
524 152
524 152
525 153
524 153
524 153
524 153
525 152
525 153
525 153
525 152
526 151
526 152
526 151
526 152
527 151
527 152
527 153
527 153
528 152
528 153
528 153
528 153
528 152
529 152
529 152
529 152
529 153
528 152
528 152
528 152
528 151
529 151
529 151
529 151
529 150
530 150
530 150
530 150
529 150
529 149
529 149
528 149
527 149
528 148
527 148
528 148
527 148
528 147
529 147
529 147
528 147
528 146
528 146
528 146
529 145
529 146
529 146
529 145
530 144
530 145
530 144
530 145
531 144
531 145
531 146
531 146
532 145
532 146
532 146
532 146
532 145
533 145
533 145
533 145
533 146
532 145
532 145
532 145
532 144
533 144
533 144
533 144
533 143
534 143
534 143
534 143
535 143
535 144
535 144
535 144
536 144
536 145
536 145
536 145
536 146
535 145
535 145
535 145
536 145
536 146
536 146
536 146
537 145
537 146
537 146
538 146
537 146
538 145
539 145
539 146
539 146
539 146
539 147
539 147
540 146
540 147
540 147
540 147
540 148
539 148
539 148
539 148
540 149
539 149
539 149
539 149
539 150
538 149
538 149
538 149
538 150
537 150
537 150
537 150
538 150
538 151
538 151
538 151
539 151
539 152
539 152
539 152
539 153
538 152
538 152
538 152
539 152
539 153
539 153
539 153
540 152
540 153
540 153
540 152
541 151
541 152
541 151
541 152
542 151
542 152
542 153
542 153
543 152
543 153
543 153
543 153
543 152
544 152
544 152
544 152
544 153
543 152
543 152
543 152
543 151
544 151
544 151
544 151
544 150
545 150
545 150
545 150
546 151
545 151
545 151
545 151
546 150
546 151
546 151
546 151
547 152
546 152
546 152
546 152
547 153
546 153
546 153
546 153
547 152
547 153
547 153
547 152
548 151
548 152
548 151
548 152
549 151
549 152
549 153
549 153
550 152
550 153
550 153
550 153
550 154
549 154
549 154
549 154
550 154
550 155
550 155
550 155
550 156
549 155
549 155
549 155
549 156
548 156
548 156
548 156
549 156
549 157
549 157
550 157
551 158
550 158
551 158
550 158
551 159
550 159
549 159
549 159
550 159
550 160
550 160
550 160
550 161
549 160
549 160
549 161
549 162
548 161
548 162
548 161
548 162
547 161
547 160
547 160
547 161
546 160
546 160
546 160
546 161
545 161
545 161
545 161
546 161
546 162
546 162
546 162
546 163
545 162
545 162
545 162
545 163
544 163
544 163
544 163
545 163
545 164
545 164
545 164
546 164
546 165
546 165
546 165
546 166
545 165
545 165
545 165
546 165
546 166
546 166
546 166
547 165
547 166
547 166
547 166
548 165
548 166
548 166
548 166
549 167
548 167
548 167
548 167
549 166
549 167
549 167
549 167
549 168
548 168
548 168
548 168
548 168
548 168
548 168
548 168
548 168
548 168
548 168
548 168
548 169
547 169
547 169
547 169
548 169
548 170
548 170
548 170
549 170
549 171
549 171
549 171
549 172
548 171
548 171
548 171
549 171
549 172
549 172
549 172
549 173
548 172
548 172
548 172
549 173
548 173
548 173
548 173
547 173
547 172
547 172
547 172
547 173
546 172
546 172
546 172
546 173
545 173
545 173
545 173
546 173
546 174
546 174
546 174
546 175
545 174
545 174
545 174
545 175
544 175
544 175
544 175
543 175
543 174
543 174
543 174
543 175
542 174
542 174
542 174
542 173
543 173
543 173
543 173
542 173
542 172
542 172
542 172
542 173
541 172
541 172
541 172
542 173
541 173
541 173
541 173
540 173
540 172
540 172
540 172
540 173
539 172
539 172
539 172
539 173
538 173
538 173
538 173
539 173
539 174
539 174
539 174
539 175
538 174
538 174
538 174
538 175
537 175
537 175
537 175
538 175
538 176
538 176
539 176
540 177
539 177
540 177
539 177
540 178
539 178
538 178
538 178
539 178
539 179
539 179
539 179
539 180
538 179
538 179
538 180
538 181
537 180
537 181
537 180
537 181
536 180
536 179
536 179
536 180
535 179
535 179
535 179
535 180
534 180
534 180
534 180
535 180
535 181
535 181
535 181
535 182
534 181
534 181
534 181
534 182
533 182
533 182
533 182
534 182
534 183
534 183
534 183
535 183
535 184
535 184
535 184
535 185
534 184
534 184
534 184
535 184
535 185
535 185
535 185
536 184
536 185
536 185
536 184
537 183
537 184
537 183
537 184
538 183
538 184
538 185
538 185
539 184
539 185
539 185
539 185
539 186
538 186
538 186
538 186
539 186
539 187
539 187
539 187
539 188
538 187
538 187
538 187
538 188
537 188
537 188
537 188
538 188
538 189
538 189
538 189
539 189
539 190
539 190
539 190
539 191
538 190
538 190
538 190
539 190
539 191
539 191
539 191
540 190
540 191
540 191
540 190
541 189
541 190
541 189
541 190
542 189
542 190
542 191
542 191
543 190
543 191
543 191
543 191
543 190
544 190
544 190
544 190
544 190
544 190
544 190
544 190
544 190
544 190
544 190
544 190
544 189
545 189
545 189
545 189
546 190
545 190
545 190
545 190
546 189
546 190
546 190
546 190
547 191
546 191
546 191
546 191
547 192
546 192
546 192
546 192
547 191
547 192
547 192
547 191
548 190
548 191
548 190
548 191
549 190
549 191
549 192
549 192
550 191
550 192
550 192
550 192
550 193
549 193
549 193
549 193
550 193
550 194
550 194
550 194
550 195
549 194
549 194
549 194
549 195
548 195
548 195
548 195
549 195
549 196
549 196
549 196
550 196
550 197
550 197
550 197
550 198
549 197
549 197
549 197
550 197
550 198
550 198
550 198
550 199
549 198
549 198
549 199
549 200
548 199
548 200
548 199
548 200
547 199
547 198
547 198
547 199
546 198
546 198
546 198
546 199
545 199
545 199
545 199
546 199
546 200
546 200
546 200
546 201
545 200
545 200
545 200
545 201
544 201
544 201
544 201
545 201
545 202
545 202
545 202
546 202
546 203
546 203
546 203
546 204
545 203
545 203
545 203
546 203
546 204
546 204
546 204
547 203
547 204
547 204
547 203
548 202
548 203
548 202
548 203
549 202
549 203
549 204
549 204
550 203
550 204
550 204
550 204
550 205
549 205
549 205
549 205
550 205
550 206
550 206
550 206
550 207
549 206
549 206
549 206
549 207
548 207
548 207
548 207
549 207
549 208
549 208
549 208
550 208
550 209
550 209
550 209
550 210
549 209
549 209
549 209
550 209
550 210
550 210
550 210
550 211
549 210
549 210
549 211
549 212
548 211
548 212
548 211
548 212
547 211
547 210
547 210
547 211
546 210
546 210
546 210
547 211
546 211
546 211
546 211
547 212
546 212
546 212
546 212
546 213
545 212
545 212
545 212
546 213
545 213
545 213
545 213
544 213
544 212
544 212
544 212
544 213
543 212
543 212
543 212
543 211
544 211
544 211
544 211
543 211
543 210
543 210
543 210
543 211
542 210
542 210
542 211
542 212
541 211
541 212
541 211
541 212
540 211
540 210
540 210
540 211
539 210
539 210
539 210
539 211
538 211
538 211
538 211
539 211
539 212
539 212
539 212
539 213
538 212
538 212
538 212
538 213
537 213
537 213
537 213
538 213
538 214
538 214
538 214
539 213
539 214
539 214
539 214
540 215
539 215
539 215
539 215
540 215
540 216
540 216
540 216
540 217
539 216
539 216
539 217
539 217
539 217
539 218
538 218
537 218
538 217
537 217
537 217
537 218
536 217
536 217
536 217
536 218
535 218
535 218
535 218
536 218
536 219
536 219
536 219
536 220
535 219
535 219
535 219
535 220
534 220
534 220
534 220
533 220
533 219
533 219
533 219
533 220
532 219
532 219
532 219
532 218
533 218
533 218
533 218
532 218
532 217
532 217
532 217
532 218
531 217
531 217
531 218
531 219
530 218
530 219
530 218
530 219
529 218
529 217
529 217
529 218
528 217
528 217
528 217
528 216
529 216
529 216
529 216
529 217
528 216
528 216
528 216
528 215
529 215
529 215
529 215
529 214
530 214
530 214
530 214
529 214
529 213
529 213
529 213
529 214
528 213
528 213
528 213
528 212
529 212
529 212
529 212
528 212
528 211
528 211
528 211
528 212
527 211
527 211
527 212
527 213
526 212
526 213
526 212
526 213
525 212
525 211
525 211
525 212
524 211
524 211
524 211
525 212
524 212
524 212
524 212
525 213
524 213
524 213
524 213
524 214
523 213
523 213
523 213
524 214
523 214
523 214
523 214
522 214
522 213
522 213
522 213
522 214
521 213
521 213
521 213
521 212
522 212
522 212
522 212
521 212
521 211
521 211
521 211
521 212
520 211
520 211
520 212
520 213
519 212
519 213
519 212
519 213
518 212
518 211
518 211
518 212
517 211
517 211
517 211
517 212
516 212
516 212
516 212
517 212
517 213
517 213
517 213
517 214
516 213
516 213
516 213
516 214
515 214
515 214
515 214
516 214
516 215
516 215
517 215
518 216
517 216
518 216
517 216
518 217
517 217
516 217
516 217
517 217
517 218
517 218
517 218
517 219
516 218
516 218
516 219
516 220
515 219
515 220
515 219
515 220
514 219
514 218
514 218
514 219
513 218
513 218
513 218
513 219
512 219
512 219
512 219
513 219
513 220
513 220
513 220
513 221
512 220
512 220
512 220
512 221
511 221
511 221
511 221
512 221
512 222
512 222
512 222
513 222
513 223
513 223
513 223
513 224
512 223
512 223
512 223
513 223
513 224
513 224
513 224
514 223
514 224
514 224
514 224
515 223
515 224
515 224
515 224
516 225
515 225
515 225
515 225
516 224
516 225
516 225
516 225
516 226
515 226
515 226
515 226
515 226
515 226
515 226
515 226
515 226
515 226
515 226
515 226
515 227
514 227
514 227
514 227
515 227
515 228
515 228
515 228
516 228
516 229
516 229
516 229
516 230
515 229
515 229
515 229
516 229
516 230
516 230
516 230
516 231
515 230
515 230
515 230
516 231
515 231
515 231
515 231
514 231
514 230
514 230
514 230
514 231
513 230
513 230
513 230
513 231
512 231
512 231
512 231
513 231
513 232
513 232
513 232
513 233
512 232
512 232
512 232
512 233
511 233
511 233
511 233
510 233
510 232
510 232
510 232
510 233
509 232
509 232
509 232
509 231
510 231
510 231
510 231
509 231
509 230
509 230
509 230
509 231
508 230
508 230
508 230
509 231
508 231
508 231
508 231
507 231
507 230
507 230
507 230
507 231
506 230
506 230
506 230
506 231
505 231
505 231
505 231
506 231
506 232
506 232
506 232
506 233
505 232
505 232
505 232
505 233
504 233
504 233
504 233
505 233
505 234
505 234
506 234
507 235
506 235
507 235
506 235
507 236
506 236
505 236
505 236
506 236
506 237
506 237
506 237
506 238
505 237
505 237
505 238
505 239
504 238
504 239
504 238
504 239
503 238
503 237
503 237
503 238
502 237
502 237
502 237
502 238
501 238
501 238
501 238
502 238
502 239
502 239
502 239
502 240
501 239
501 239
501 239
501 240
500 240
500 240
500 240
501 240
501 241
501 241
501 241
502 241
502 242
502 242
502 242
502 243
501 242
501 242
501 242
502 242
502 243
502 243
502 243
503 242
503 243
503 243
504 243
503 243
504 242
505 242
505 243
505 243
505 243
505 244
505 244
506 243
506 244
506 244
506 244
506 245
505 245
505 245
505 245
506 246
505 246
505 246
505 246
505 247
504 246
504 246
504 246
504 247
503 247
503 247
503 247
504 247
504 248
504 248
504 248
505 248
505 249
505 249
505 249
505 250
504 249
504 249
504 249
505 249
505 250
505 250
505 250
506 249
506 250
506 250
506 249
507 248
507 249
507 248
507 249
508 248
508 249
508 250
508 250
509 249
509 250
509 250
509 250
508 250
509 249
509 249
509 249
508 249
509 248
509 248
509 248
510 247
510 248
510 248
510 248
509 248
510 247
510 247
510 247
511 247
511 248
511 248
511 248
511 248
511 248
511 248
511 248
511 248
511 248
511 248
511 248
512 248
512 249
512 249
512 249
513 248
513 249
513 249
513 248
514 247
514 248
514 247
514 248
515 247
515 248
515 249
515 249
516 248
516 249
516 249
516 249
516 250
515 250
515 250
515 250
516 250
516 251
516 251
516 251
516 252
515 251
515 251
515 251
515 252
514 252
514 252
514 252
515 252
515 253
515 253
515 253
516 252
516 253
516 253
516 253
517 254
516 254
516 254
516 254
517 254
517 255
517 255
517 255
517 256
516 255
516 255
516 256
516 256
516 256
516 257
515 257
514 257
515 256
514 256
514 256
514 257
513 256
513 256
513 256
513 257
512 257
512 257
512 257
513 257
513 258
513 258
513 258
513 259
512 258
512 258
512 258
512 259
511 259
511 259
511 259
512 259
512 260
512 260
512 260
513 260
513 261
513 261
513 261
513 262
512 261
512 261
512 261
513 261
513 262
513 262
513 262
514 261
514 262
514 262
515 262
514 262
515 261
516 261
516 262
516 262
516 262
516 263
516 263
517 262
517 263
517 263
517 263
517 264
516 264
516 264
516 264
517 265
516 265
516 265
516 265
516 266
515 265
515 265
515 265
515 266
514 266
514 266
514 266
515 266
515 267
515 267
515 267
516 267
516 268
516 268
516 268
516 269
515 268
515 268
515 268
516 268
516 269
516 269
516 269
517 268
517 269
517 269
517 268
518 267
518 268
518 267
518 268
519 267
519 268
519 269
519 269
520 268
520 269
520 269
520 269
520 268
521 268
521 268
521 268
521 269
520 268
520 268
520 268
520 267
521 267
521 267
521 267
521 266
522 266
522 266
522 266
523 267
522 267
522 267
522 267
523 266
523 267
523 267
523 267
524 268
523 268
523 268
523 268
524 269
523 269
523 269
523 269
524 268
524 269
524 269
524 268
525 267
525 268
525 267
525 268
526 267
526 268
526 269
526 269
527 268
527 269
527 269
527 269
527 268
528 268
528 268
528 268
528 269
527 268
527 268
527 268
527 267
528 267
528 267
528 267
528 266
529 266
529 266
529 266
528 266
528 265
528 265
528 265
528 266
527 265
527 265
527 265
526 265
527 264
527 264
527 264
526 264
526 263
526 263
526 263
527 262
527 263
527 263
527 262
527 262
527 262
527 261
528 261
529 262
528 262
529 262
529 262
530 261
530 262
530 262
530 262
530 261
531 261
531 261
531 261
531 262
530 261
530 261
530 261
530 260
531 260
531 260
531 260
531 259
532 259
532 259
532 259
533 259
533 260
533 260
533 260
534 260
534 261
534 261
534 261
534 262
533 261
533 261
533 261
534 261
534 262
534 262
534 262
535 261
535 262
535 262
535 261
536 260
536 261
536 260
536 261
537 260
537 261
537 262
537 262
538 261
538 262
538 262
538 262
538 263
537 263
537 263
537 263
538 263
538 264
538 264
538 264
538 265
537 264
537 264
537 264
537 265
536 265
536 265
536 265
537 265
537 266
537 266
537 266
538 266
538 267
538 267
538 267
538 268
537 267
537 267
537 267
538 267
538 268
538 268
538 268
539 267
539 268
539 268
539 267
540 266
540 267
540 266
540 267
541 266
541 267
541 268
541 268
542 267
542 268
542 268
542 268
542 267
543 267
543 267
543 267
543 268
542 267
542 267
542 267
542 266
543 266
543 266
543 266
543 265
544 265
544 265
544 265
545 266
544 266
544 266
544 266
545 265
545 266
545 266
545 266
546 267
545 267
545 267
545 267
546 268
545 268
545 268
545 268
546 267
546 268
546 268
546 267
547 266
547 267
547 266
547 267
548 266
548 267
548 268
548 268
549 267
549 268
549 268
549 268
549 269
548 269
548 269
548 269
549 269
549 270
549 270
549 270
549 271
548 270
548 270
548 270
548 271
547 271
547 271
547 271
548 271
548 272
548 272
548 272
549 271
549 272
549 272
549 272
550 273
549 273
549 273
549 273
550 273
550 274
550 274
550 274
550 275
549 274
549 274
549 275
549 275
549 275
549 276
548 276
547 276
548 275
547 275
547 275
547 276
546 275
546 275
546 275
546 276
545 276
545 276
545 276
546 276
546 277
546 277
546 277
546 278
545 277
545 277
545 277
545 278
544 278
544 278
544 278
545 278
545 279
545 279
545 279
546 279
546 280
546 280
546 280
546 281
545 280
545 280
545 280
546 280
546 281
546 281
546 281
547 280
547 281
547 281
548 281
547 281
548 280
549 280
549 281
549 281
549 281
549 282
549 282
550 281
550 282
550 282
550 282
550 283
549 283
549 283
549 283
550 284
549 284
549 284
549 284
549 285
548 284
548 284
548 284
548 285
547 285
547 285
547 285
548 285
548 286
548 286
548 286
549 286
549 287
549 287
549 287
549 288
548 287
548 287
548 287
549 287
549 288
549 288
549 288
549 289
548 288
548 288
548 289
548 290
547 289
547 290
547 289
547 290
546 289
546 288
546 288
546 289
545 288
545 288
545 288
545 289
544 289
544 289
544 289
544 289
544 289
544 289
544 289
544 289
544 289
544 289
544 289
544 290
543 290
543 290
543 290
542 290
543 289
543 289
543 289
543 290
542 289
542 289
542 289
541 289
542 288
542 288
542 288
541 288
542 287
542 287
542 287
542 288
541 287
541 287
541 288
541 289
540 288
540 289
540 288
540 289
539 288
539 287
539 287
539 288
538 287
538 287
538 287
538 288
537 288
537 288
537 288
538 288
538 289
538 289
538 289
538 290
537 289
537 289
537 289
537 290
536 290
536 290
536 290
537 290
537 291
537 291
537 291
538 290
538 291
538 291
538 291
539 292
538 292
538 292
538 292
539 292
539 293
539 293
539 293
539 294
538 293
538 293
538 294
538 294
538 294
538 295
537 295
536 295
537 294
536 294
536 294
536 295
535 294
535 294
535 294
535 295
534 295
534 295
534 295
535 295
535 296
535 296
535 296
535 297
534 296
534 296
534 296
534 297
533 297
533 297
533 297
534 297
534 298
534 298
534 298
535 298
535 299
535 299
535 299
535 300
534 299
534 299
534 299
535 299
535 300
535 300
535 300
536 299
536 300
536 300
537 300
536 300
537 299
538 299
538 300
538 300
538 300
538 301
538 301
539 300
539 301
539 301
539 301
539 302
538 302
538 302
538 302
539 303
538 303
538 303
538 303
538 304
537 303
537 303
537 303
537 304
536 304
536 304
536 304
537 304
537 305
537 305
537 305
538 305
538 306
538 306
538 306
538 307
537 306
537 306
537 306
538 306
538 307
538 307
538 307
539 306
539 307
539 307
539 306
540 305
540 306
540 305
540 306
541 305
541 306
541 307
541 307
542 306
542 307
542 307
542 307
541 307
542 306
542 306
542 306
541 306
542 305
542 305
542 305
543 304
543 305
543 305
543 305
542 305
543 304
543 304
543 304
544 304
544 305
544 305
544 305
544 305
544 305
544 305
544 305
544 305
544 305
544 305
544 305
545 305
545 306
545 306
545 306
546 305
546 306
546 306
546 305
547 304
547 305
547 304
547 305
548 304
548 305
548 306
548 306
549 305
549 306
549 306
549 306
549 307
548 307
548 307
548 307
549 307
549 308
549 308
549 308
549 309
548 308
548 308
548 308
548 309
547 309
547 309
547 309
548 309
548 310
548 310
548 310
549 309
549 310
549 310
549 310
550 311
549 311
549 311
549 311
550 311
550 312
550 312
550 312
550 313
549 312
549 312
549 313
549 313
549 313
549 314
548 314
547 314
548 313
547 313
547 313
547 314
546 313
546 313
546 313
546 314
545 314
545 314
545 314
546 314
546 315
546 315
546 315
546 316
545 315
545 315
545 315
545 316
544 316
544 316
544 316
545 316
545 317
545 317
545 317
546 317
546 318
546 318
546 318
546 319
545 318
545 318
545 318
546 318
546 319
546 319
546 319
547 318
547 319
547 319
548 319
547 319
548 318
549 318
549 319
549 319
549 319
549 320
549 320
550 319
550 320
550 320
550 320
550 321
549 321
549 321
549 321
550 322
549 322
549 322
549 322
549 323
548 322
548 322
548 322
548 323
547 323
547 323
547 323
548 323
548 324
548 324
548 324
549 324
549 325
549 325
549 325
549 326
548 325
548 325
548 325
549 325
549 326
549 326
549 326
549 327
548 326
548 326
548 327
548 328
547 327
547 328
547 327
547 328
546 327
546 326
546 326
546 327
545 326
545 326
545 326
546 327
545 327
545 327
545 327
546 328
545 328
545 328
545 328
545 329
544 328
544 328
544 328
545 329
544 329
544 329
544 329
543 329
543 328
543 328
543 328
543 329
542 328
542 328
542 328
542 327
543 327
543 327
543 327
542 327
542 326
542 326
542 326
542 327
541 326
541 326
541 327
541 328
540 327
540 328
540 327
540 328
539 327
539 326
539 326
539 327
538 326
538 326
538 326
538 327
537 327
537 327
537 327
538 327
538 328
538 328
538 328
538 329
537 328
537 328
537 328
537 329
536 329
536 329
536 329
537 329
537 330
537 330
537 330
538 329
538 330
538 330
538 330
539 331
538 331
538 331
538 331
539 331
539 332
539 332
539 332
539 333
538 332
538 332
538 333
538 333
538 333
538 334
537 334
536 334
537 333
536 333
536 333
536 334
535 333
535 333
535 333
535 334
534 334
534 334
534 334
535 334
535 335
535 335
535 335
535 336
534 335
534 335
534 335
534 336
533 336
533 336
533 336
532 336
532 335
532 335
532 335
532 336
531 335
531 335
531 335
531 334
532 334
532 334
532 334
531 334
531 333
531 333
531 333
531 334
530 333
530 333
530 334
530 335
529 334
529 335
529 334
529 335
528 334
528 333
528 333
528 334
527 333
527 333
527 333
527 332
528 332
528 332
527 332
526 332
527 331
526 331
527 331
526 331
527 330
528 330
528 330
528 329
529 329
529 329
529 329
528 329
528 328
528 328
528 328
528 329
527 328
527 328
527 328
527 327
528 327
528 327
528 327
527 327
527 326
527 326
527 326
527 327
526 326
526 326
526 327
526 328
525 327
525 328
525 327
525 328
524 327
524 326
524 326
524 327
523 326
523 326
523 326
524 327
523 327
523 327
523 327
524 328
523 328
523 328
523 328
523 329
522 328
522 328
522 328
523 329
522 329
522 329
522 329
521 329
521 328
521 328
521 328
521 329
520 328
520 328
520 328
520 327
521 327
521 327
521 327
520 327
520 326
520 326
520 326
520 327
519 326
519 326
519 327
519 328
518 327
518 328
518 327
518 328
517 327
517 326
517 326
517 327
516 326
516 326
516 326
516 327
515 327
515 327
515 327
516 327
516 328
516 328
516 328
516 329
515 328
515 328
515 328
515 329
514 329
514 329
514 329
515 329
515 330
515 330
515 330
516 329
516 330
516 330
516 330
517 331
516 331
516 331
516 331
517 331
517 332
517 332
517 332
517 333
516 332
516 332
516 333
516 333
516 333
516 334
515 334
514 334
515 333
514 333
514 333
514 334
513 333
513 333
513 333
513 334
512 334
512 334
512 334
513 334
513 335
513 335
513 335
513 336
512 335
512 335
512 335
512 336
511 336
511 336
511 336
512 336
512 337
512 337
512 337
513 337
513 338
513 338
513 338
513 339
512 338
512 338
512 338
513 338
513 339
513 339
513 339
514 338
514 339
514 339
515 339
514 339
515 338
516 338
516 339
516 339
516 339
516 340
516 340
517 339
517 340
517 340
517 340
517 341
516 341
516 341
516 341
517 342
516 342
516 342
516 342
516 343
515 342
515 342
515 342
515 343
514 343
514 343
514 343
515 343
515 344
515 344
515 344
516 344
516 345
516 345
516 345
516 346
515 345
515 345
515 345
516 345
516 346
516 346
516 346
516 347
515 346
515 346
515 347
515 348
514 347
514 348
514 347
514 348
513 347
513 346
513 346
513 347
512 346
512 346
512 346
512 347
511 347
511 347
511 347
511 347
511 347
511 347
511 347
511 347
511 347
511 347
511 347
511 348
510 348
510 348
510 348
509 348
510 347
510 347
510 347
510 348
509 347
509 347
509 347
508 347
509 346
509 346
509 346
508 346
509 345
509 345
509 345
509 346
508 345
508 345
508 346
508 347
507 346
507 347
507 346
507 347
506 346
506 345
506 345
506 346
505 345
505 345
505 345
505 346
504 346
504 346
504 346
505 346
505 347
505 347
505 347
505 348
504 347
504 347
504 347
504 348
503 348
503 348
503 348
504 348
504 349
504 349
504 349
505 348
505 349
505 349
505 349
506 350
505 350
505 350
505 350
506 350
506 351
506 351
506 351
506 352
505 351
505 351
505 352
505 352
505 352
505 353
504 353
503 353
504 352
503 352
503 352
503 353
502 352
502 352
502 352
502 353
501 353
501 353
501 353
502 353
502 354
502 354
502 354
502 355
501 354
501 354
501 354
501 355
500 355
500 355
500 355
499 355
499 354
499 354
499 354
499 355
498 354
498 354
498 354
498 353
499 353
499 353
499 353
498 353
498 352
498 352
498 352
498 353
497 352
497 352
497 353
497 354
496 353
496 354
496 353
496 354
495 353
495 352
495 352
495 353
494 352
494 352
494 352
494 351
495 351
495 351
494 351
493 351
494 350
493 350
494 350
493 350
494 349
495 349
495 349
495 348
496 348
496 348
496 348
495 348
495 347
495 347
495 347
495 348
494 347
494 347
494 347
494 346
495 346
495 346
495 346
494 346
494 345
494 345
494 345
494 346
493 345
493 345
493 345
494 346
493 346
493 346
493 346
492 346
492 345
492 345
492 345
492 346
491 345
491 345
491 345
491 346
490 346
490 346
490 346
491 346
491 347
491 347
491 347
491 348
490 347
490 347
490 347
490 348
489 348
489 348
489 348
488 348
488 347
488 347
488 347
488 348
487 347
487 347
487 347
487 346
488 346
488 346
488 346
487 346
487 345
487 345
487 345
487 346
486 345
486 345
486 345
487 346
486 346
486 346
486 346
485 346
485 345
485 345
485 345
485 346
484 345
484 345
484 345
484 344
485 344
485 344
485 344
485 345
484 344
484 344
484 344
484 343
485 343
485 343
485 343
485 342
486 342
486 342
486 342
485 342
485 341
485 341
485 341
485 341
485 341
485 341
485 341
485 341
485 341
485 341
485 341
484 341
484 340
484 340
484 340
485 339
485 340
485 340
485 340
484 340
485 339
485 339
485 339
486 338
486 339
486 339
486 339
487 338
487 339
487 339
487 339
487 338
488 338
488 338
488 338
488 339
487 338
487 338
487 338
487 337
488 337
488 337
488 337
488 336
489 336
489 336
489 336
488 336
488 335
488 335
488 335
488 336
487 335
487 335
487 335
487 334
488 334
488 334
488 334
487 334
487 333
487 333
487 333
487 334
486 333
486 333
486 334
486 335
485 334
485 335
485 334
485 335
484 334
484 333
484 333
484 334
483 333
483 333
483 333
483 332
484 332
484 332
483 332
482 332
483 331
482 331
483 331
482 331
483 330
484 330
484 330
484 329
485 329
485 329
485 329
484 329
484 328
484 328
484 328
484 329
483 328
483 328
483 328
483 327
484 327
484 327
484 327
483 327
483 326
483 326
483 326
483 327
482 326
482 326
482 327
482 328
481 327
481 328
481 327
481 328
480 327
480 326
480 326
480 327
479 326
479 326
479 326
480 327
479 327
479 327
479 327
480 328
479 328
479 328
479 328
479 329
478 328
478 328
478 328
479 329
478 329
478 329
478 329
477 329
477 328
477 328
477 328
477 329
476 328
476 328
476 328
476 327
477 327
477 327
477 327
476 327
476 326
476 326
476 326
476 327
475 326
475 326
475 327
475 328
474 327
474 328
474 327
474 328
473 327
473 326
473 326
473 327
472 326
472 326
472 326
472 327
471 327
471 327
471 327
472 327
472 328
472 328
472 328
472 329
471 328
471 328
471 328
471 329
470 329
470 329
470 329
471 329
471 330
471 330
471 330
472 329
472 330
472 330
472 330
473 331
472 331
472 331
472 331
473 331
473 332
473 332
473 332
473 333
472 332
472 332
472 333
472 333
472 333
472 334
471 334
470 334
471 333
470 333
470 333
470 334
469 333
469 333
469 333
469 334
468 334
468 334
468 334
469 334
469 335
469 335
469 335
469 336
468 335
468 335
468 335
468 336
467 336
467 336
467 336
466 336
466 335
466 335
466 335
466 336
465 335
465 335
465 335
465 334
466 334
466 334
466 334
465 334
465 333
465 333
465 333
465 334
464 333
464 333
464 334
464 335
463 334
463 335
463 334
463 335
462 334
462 333
462 333
462 334
461 333
461 333
461 333
461 332
462 332
462 332
461 332
460 332
461 331
460 331
461 331
460 331
461 330
462 330
462 330
462 329
463 329
463 329
463 329
462 329
462 328
462 328
462 328
462 329
461 328
461 328
461 328
461 327
462 327
462 327
462 327
461 327
461 326
461 326
461 326
461 327
460 326
460 326
460 327
460 328
459 327
459 328
459 327
459 328
458 327
458 326
458 326
458 327
457 326
457 326
457 326
458 327
457 327
457 327
457 327
458 328
457 328
457 328
457 328
457 329
456 328
456 328
456 328
457 329
456 329
456 329
456 329
455 329
455 328
455 328
455 328
455 329
454 328
454 328
454 328
454 327
455 327
455 327
455 327
454 327
454 326
454 326
454 326
454 327
453 326
453 326
453 327
453 328
452 327
452 328
452 327
452 328
451 327
451 326
451 326
451 327
450 326
450 326
450 326
450 327
449 327
449 327
449 327
450 327
450 328
450 328
450 328
450 329
449 328
449 328
449 328
449 329
448 329
448 329
448 329
449 329
449 330
449 330
450 330
451 331
450 331
451 331
450 331
451 332
450 332
449 332
449 332
450 332
450 333
450 333
450 333
450 334
449 333
449 333
449 334
449 335
448 334
448 335
448 334
448 335
447 334
447 333
447 333
447 334
446 333
446 333
446 333
446 334
445 334
445 334
445 334
446 334
446 335
446 335
446 335
446 336
445 335
445 335
445 335
445 336
444 336
444 336
444 336
445 336
445 337
445 337
445 337
446 337
446 338
446 338
446 338
446 339
445 338
445 338
445 338
446 338
446 339
446 339
446 339
447 338
447 339
447 339
447 339
448 338
448 339
448 339
448 339
449 340
448 340
448 340
448 340
449 339
449 340
449 340
449 340
449 341
448 341
448 341
448 341
448 341
448 341
448 341
448 341
448 341
448 341
448 341
448 341
448 342
447 342
447 342
447 342
448 342
448 343
448 343
448 343
449 343
449 344
449 344
449 344
449 345
448 344
448 344
448 344
449 344
449 345
449 345
449 345
449 346
448 345
448 345
448 345
449 346
448 346
448 346
448 346
447 346
447 345
447 345
447 345
447 346
446 345
446 345
446 345
446 346
445 346
445 346
445 346
446 346
446 347
446 347
446 347
446 348
445 347
445 347
445 347
445 348
444 348
444 348
444 348
443 348
443 347
443 347
443 347
443 348
442 347
442 347
442 347
442 346
443 346
443 346
443 346
442 346
442 345
442 345
442 345
442 346
441 345
441 345
441 345
442 346
441 346
441 346
441 346
440 346
440 345
440 345
440 345
440 346
439 345
439 345
439 345
439 346
438 346
438 346
438 346
439 346
439 347
439 347
439 347
439 348
438 347
438 347
438 347
438 348
437 348
437 348
437 348
438 348
438 349
438 349
439 349
440 350
439 350
440 350
439 350
440 351
439 351
438 351
438 351
439 351
439 352
439 352
439 352
439 353
438 352
438 352
438 353
438 354
437 353
437 354
437 353
437 354
436 353
436 352
436 352
436 353
435 352
435 352
435 352
435 353
434 353
434 353
434 353
435 353
435 354
435 354
435 354
435 355
434 354
434 354
434 354
434 355
433 355
433 355
433 355
434 355
434 356
434 356
434 356
435 356
435 357
435 357
435 357
435 358
434 357
434 357
434 357
435 357
435 358
435 358
435 358
436 357
436 358
436 358
436 357
437 356
437 357
437 356
437 357
438 356
438 357
438 358
438 358
439 357
439 358
439 358
439 358
439 359
438 359
438 359
438 359
439 359
439 360
439 360
439 360
439 361
438 360
438 360
438 360
438 361
437 361
437 361
437 361
438 361
438 362
438 362
438 362
439 362
439 363
439 363
439 363
439 364
438 363
438 363
438 363
439 363
439 364
439 364
439 364
440 363
440 364
440 364
440 363
441 362
441 363
441 362
441 363
442 362
442 363
442 364
442 364
443 363
443 364
443 364
443 364
443 363
444 363
444 363
444 363
444 363
444 363
444 363
444 363
444 363
444 363
444 363
444 363
444 362
445 362
445 362
445 362
446 363
445 363
445 363
445 363
446 362
446 363
446 363
446 363
447 364
446 364
446 364
446 364
447 365
446 365
446 365
446 365
447 364
447 365
447 365
447 364
448 363
448 364
448 363
448 364
449 363
449 364
449 365
449 365
450 364
450 365
450 365
450 365
450 366
449 366
449 366
449 366
450 366
450 367
450 367
450 367
450 368
449 367
449 367
449 367
449 368
448 368
448 368
448 368
449 368
449 369
449 369
449 369
450 369
450 370
450 370
450 370
450 371
449 370
449 370
449 370
450 370
450 371
450 371
450 371
450 372
449 371
449 371
449 372
449 373
448 372
448 373
448 372
448 373
447 372
447 371
447 371
447 372
446 371
446 371
446 371
446 372
445 372
445 372
445 372
446 372
446 373
446 373
446 373
446 374
445 373
445 373
445 373
445 374
444 374
444 374
444 374
445 374
445 375
445 375
445 375
446 375
446 376
446 376
446 376
446 377
445 376
445 376
445 376
446 376
446 377
446 377
446 377
447 376
447 377
447 377
447 376
448 375
448 376
448 375
448 376
449 375
449 376
449 377
449 377
450 376
450 377
450 377
450 377
450 378
449 378
449 378
449 378
450 378
450 379
450 379
450 379
450 380
449 379
449 379
449 379
449 380
448 380
448 380
448 380
449 380
449 381
449 381
449 381
450 381
450 382
450 382
450 382
450 383
449 382
449 382
449 382
450 382
450 383
450 383
450 383
450 384
449 383
449 383
449 384
449 385
448 384
448 385
448 384
448 385
447 384
447 383
447 383
447 384
446 383
446 383
446 383
447 384
446 384
446 384
446 384
447 385
446 385
446 385
446 385
446 386
445 385
445 385
445 385
446 386
445 386
445 386
445 386
444 386
444 385
444 385
444 385
444 386
443 385
443 385
443 385
443 384
444 384
444 384
444 384
443 384
443 383
443 383
443 383
443 384
442 383
442 383
442 384
442 385
441 384
441 385
441 384
441 385
440 384
440 383
440 383
440 384
439 383
439 383
439 383
439 384
438 384
438 384
438 384
439 384
439 385
439 385
439 385
439 386
438 385
438 385
438 385
438 386
437 386
437 386
437 386
438 386
438 387
438 387
438 387
439 386
439 387
439 387
439 387
440 388
439 388
439 388
439 388
440 388
440 389
440 389
440 389
440 390
439 389
439 389
439 390
439 390
439 390
439 391
438 391
437 391
438 390
437 390
437 390
437 391
436 390
436 390
436 390
436 391
435 391
435 391
435 391
436 391
436 392
436 392
436 392
436 393
435 392
435 392
435 392
435 393
434 393
434 393
434 393
433 393
433 392
433 392
433 392
433 393
432 392
432 392
432 392
432 391
433 391
433 391
433 391
432 391
432 390
432 390
432 390
432 391
431 390
431 390
431 391
431 392
430 391
430 392
430 391
430 392
429 391
429 390
429 390
429 391
428 390
428 390
428 390
428 389
429 389
429 389
429 389
429 390
428 389
428 389
428 389
428 388
429 388
429 388
429 388
429 387
430 387
430 387
430 387
429 387
429 386
429 386
429 386
429 387
428 386
428 386
428 386
428 385
429 385
429 385
429 385
428 385
428 384
428 384
428 384
428 385
427 384
427 384
427 385
427 386
426 385
426 386
426 385
426 386
425 385
425 384
425 384
425 385
424 384
424 384
424 384
425 385
424 385
424 385
424 385
425 386
424 386
424 386
424 386
424 387
423 386
423 386
423 386
424 387
423 387
423 387
423 387
422 387
422 386
422 386
422 386
422 387
421 386
421 386
421 386
421 385
422 385
422 385
422 385
421 385
421 384
421 384
421 384
421 385
420 384
420 384
420 385
420 386
419 385
419 386
419 385
419 386
418 385
418 384
418 384
418 385
417 384
417 384
417 384
417 385
416 385
416 385
416 385
417 385
417 386
417 386
417 386
417 387
416 386
416 386
416 386
416 387
415 387
415 387
415 387
416 387
416 388
416 388
417 388
418 389
417 389
418 389
417 389
418 390
417 390
416 390
416 390
417 390
417 391
417 391
417 391
417 392
416 391
416 391
416 392
416 393
415 392
415 393
415 392
415 393
414 392
414 391
414 391
414 392
413 391
413 391
413 391
413 392
412 392
412 392
412 392
413 392
413 393
413 393
413 393
413 394
412 393
412 393
412 393
412 394
411 394
411 394
411 394
412 394
412 395
412 395
412 395
413 395
413 396
413 396
413 396
413 397
412 396
412 396
412 396
413 396
413 397
413 397
413 397
414 396
414 397
414 397
414 397
415 396
415 397
415 397
415 397
416 398
415 398
415 398
415 398
416 397
416 398
416 398
416 398
416 399
415 399
415 399
415 399
415 399
415 399
415 399
415 399
415 399
415 399
415 399
415 399
415 400
414 400
414 400
414 400
415 400
415 401
415 401
415 401
416 401
416 402
416 402
416 402
416 403
415 402
415 402
415 402
416 402
416 403
416 403
416 403
416 404
415 403
415 403
415 403
416 404
415 404
415 404
415 404
414 404
414 403
414 403
414 403
414 404
413 403
413 403
413 403
413 404
412 404
412 404
412 404
413 404
413 405
413 405
413 405
413 406
412 405
412 405
412 405
412 406
411 406
411 406
411 406
410 406
410 405
410 405
410 405
410 406
409 405
409 405
409 405
409 404
410 404
410 404
410 404
409 404
409 403
409 403
409 403
409 404
408 403
408 403
408 403
409 404
408 404
408 404
408 404
407 404
407 403
407 403
407 403
407 404
406 403
406 403
406 403
406 404
405 404
405 404
405 404
406 404
406 405
406 405
406 405
406 406
405 405
405 405
405 405
405 406
404 406
404 406
404 406
405 406
405 407
405 407
406 407
407 408
406 408
407 408
406 408
407 409
406 409
405 409
405 409
406 409
406 410
406 410
406 410
406 411
405 410
405 410
405 411
405 412
404 411
404 412
404 411
404 412
403 411
403 410
403 410
403 411
402 410
402 410
402 410
402 411
401 411
401 411
401 411
402 411
402 412
402 412
402 412
402 413
401 412
401 412
401 412
401 413
400 413
400 413
400 413
399 413
399 412
399 412
399 412
399 413
398 412
398 412
398 412
398 411
399 411
399 411
399 411
398 411
398 410
398 410
398 410
398 411
397 410
397 410
397 411
397 412
396 411
396 412
396 411
396 412
395 411
395 410
395 410
395 411
394 410
394 410
394 410
394 409
395 409
395 409
394 409
393 409
394 408
393 408
394 408
393 408
394 407
395 407
395 407
395 406
396 406
396 406
396 406
395 406
395 405
395 405
395 405
395 406
394 405
394 405
394 405
394 404
395 404
395 404
395 404
394 404
394 403
394 403
394 403
394 404
393 403
393 403
393 403
394 404
393 404
393 404
393 404
392 404
392 403
392 403
392 403
392 404
391 403
391 403
391 403
391 404
390 404
390 404
390 404
391 404
391 405
391 405
391 405
391 406
390 405
390 405
390 405
390 406
389 406
389 406
389 406
388 406
388 405
388 405
388 405
388 406
387 405
387 405
387 405
387 404
388 404
388 404
388 404
387 404
387 403
387 403
387 403
387 404
386 403
386 403
386 403
387 404
386 404
386 404
386 404
385 404
385 403
385 403
385 403
385 404
384 403
384 403
384 403
384 402
385 402
385 402
385 402
385 403
384 402
384 402
384 402
384 401
385 401
385 401
385 401
385 400
386 400
386 400
386 400
385 400
385 399
385 399
385 399
385 399
385 399
385 399
385 399
385 399
385 399
385 399
385 399
384 399
384 398
384 398
384 398
385 397
385 398
385 398
385 398
384 398
385 397
385 397
385 397
386 396
386 397
386 397
386 397
387 396
387 397
387 397
387 397
387 396
388 396
388 396
388 396
388 397
387 396
387 396
387 396
387 395
388 395
388 395
388 395
388 394
389 394
389 394
389 394
388 394
388 393
388 393
388 393
388 394
387 393
387 393
387 393
387 392
388 392
388 392
388 392
387 392
387 391
387 391
387 391
387 392
386 391
386 391
386 392
386 393
385 392
385 393
385 392
385 393
384 392
384 391
384 391
384 392
383 391
383 391
383 391
383 390
384 390
384 390
383 390
382 390
383 389
382 389
383 389
382 389
383 388
384 388
384 388
384 387
385 387
385 387
385 387
384 387
384 386
384 386
384 386
384 387
383 386
383 386
383 386
383 385
384 385
384 385
384 385
383 385
383 384
383 384
383 384
383 385
382 384
382 384
382 385
382 386
381 385
381 386
381 385
381 386
380 385
380 384
380 384
380 385
379 384
379 384
379 384
380 385
379 385
379 385
379 385
380 386
379 386
379 386
379 386
379 387
378 386
378 386
378 386
379 387
378 387
378 387
378 387
377 387
377 386
377 386
377 386
377 387
376 386
376 386
376 386
376 385
377 385
377 385
377 385
376 385
376 384
376 384
376 384
376 385
375 384
375 384
375 385
375 386
374 385
374 386
374 385
374 386
373 385
373 384
373 384
373 385
372 384
372 384
372 384
372 385
371 385
371 385
371 385
372 385
372 386
372 386
372 386
372 387
371 386
371 386
371 386
371 387
370 387
370 387
370 387
371 387
371 388
371 388
371 388
372 388
372 389
372 389
372 389
372 390
371 389
371 389
371 389
372 389
372 390
372 390
372 390
372 391
371 390
371 390
371 391
371 392
370 391
370 392
370 391
370 392
369 391
369 390
369 390
369 391
368 390
368 390
368 390
368 391
367 391
367 391
367 391
368 391
368 392
368 392
368 392
368 393
367 392
367 392
367 392
367 393
366 393
366 393
366 393
365 393
365 392
365 392
365 392
365 393
364 392
364 392
364 392
364 391
365 391
365 391
365 391
364 391
364 390
364 390
364 390
364 391
363 390
363 390
362 390
363 391
362 391
361 391
361 390
361 390
361 390
361 389
361 389
361 390
360 389
360 389
360 389
360 388
361 388
361 388
361 388
360 388
361 387
361 387
361 387
362 386
362 387
362 387
362 387
362 386
363 386
363 386
363 386
362 386
362 385
362 385
362 385
362 386
361 385
361 385
361 385
361 384
362 384
362 384
362 384
361 384
361 383
361 383
361 383
361 384
360 383
360 383
360 384
360 385
359 384
359 385
359 384
359 385
358 384
358 383
358 383
358 384
357 383
357 383
357 383
358 384
357 384
357 384
357 384
358 385
357 385
357 385
357 385
357 386
356 385
356 385
356 385
357 386
356 386
356 386
356 386
355 386
355 385
355 385
355 385
355 386
354 385
354 385
354 385
354 384
355 384
355 384
355 384
354 384
354 383
354 383
354 383
354 384
353 383
353 383
353 384
353 385
352 384
352 385
352 384
352 385
351 384
351 383
351 383
351 384
350 383
350 383
350 383
350 382
351 382
351 382
351 382
351 383
350 382
350 382
350 382
350 381
351 381
351 381
351 381
351 380
352 380
352 380
352 380
351 380
351 379
351 379
351 379
351 380
350 379
350 379
350 379
350 378
351 378
351 378
351 378
350 378
350 377
350 377
350 377
351 376
351 377
351 377
351 376
352 375
352 376
352 375
352 376
353 375
353 376
353 377
353 377
354 376
354 377
354 377
354 377
354 376
355 376
355 376
355 376
355 377
354 376
354 376
354 376
354 375
355 375
355 375
355 375
355 374
356 374
356 374
356 374
355 374
355 373
355 373
355 373
355 374
354 373
354 373
354 373
354 372
355 372
355 372
355 372
354 372
354 371
354 371
354 371
354 372
353 371
353 371
353 372
353 373
352 372
352 373
352 372
352 373
351 372
351 371
351 371
351 372
350 371
350 371
350 371
350 370
351 370
351 370
351 370
351 371
350 370
350 370
350 370
350 369
351 369
351 369
351 369
351 368
352 368
352 368
352 368
351 368
351 367
351 367
351 367
351 368
350 367
350 367
350 367
350 366
351 366
351 366
351 366
350 366
350 365
350 365
350 365
351 364
351 365
351 365
351 364
352 363
352 364
352 363
352 364
353 363
353 364
353 365
353 365
354 364
354 365
354 365
354 365
353 365
354 364
354 364
354 364
353 364
354 363
354 363
354 363
355 362
355 363
355 363
355 363
354 363
355 362
355 362
355 362
356 362
356 363
356 363
356 363
356 363
356 363
356 363
356 363
356 363
356 363
356 363
356 363
357 363
357 364
357 364
357 364
358 363
358 364
358 364
358 363
359 362
359 363
359 362
359 363
360 362
360 363
360 364
360 364
361 363
361 364
361 364
361 364
361 363
362 363
362 363
362 363
362 364
361 363
361 363
361 363
361 362
362 362
362 362
362 362
362 361
363 361
363 361
363 361
362 361
362 360
362 360
362 360
362 361
361 360
361 360
361 360
361 359
362 359
362 359
362 359
361 359
361 358
361 358
361 358
362 357
362 358
362 358
362 357
363 356
363 357
363 356
363 357
364 356
364 357
364 358
364 358
365 357
365 358
365 358
365 358
365 357
366 357
366 357
366 357
366 358
365 357
365 357
365 357
365 356
366 356
366 356
366 356
366 355
367 355
367 355
367 355
366 355
366 354
366 354
366 354
366 355
365 354
365 354
365 354
365 353
366 353
366 353
366 353
365 353
365 352
365 352
365 352
365 353
364 352
364 352
364 353
364 354
363 353
363 354
363 353
363 354
362 353
362 352
362 352
362 353
361 352
361 352
361 352
361 351
362 351
362 351
361 351
360 351
361 350
360 350
361 350
360 350
361 349
362 349
362 349
362 348
363 348
363 348
363 348
362 348
362 347
362 347
362 347
362 348
361 347
361 347
361 347
361 346
362 346
362 346
362 346
361 346
361 345
361 345
361 345
361 346
360 345
360 345
360 345
361 346
360 346
360 346
360 346
359 346
359 345
359 345
359 345
359 346
358 345
358 345
358 345
358 346
357 346
357 346
357 346
358 346
358 347
358 347
358 347
358 348
357 347
357 347
357 347
357 348
356 348
356 348
356 348
355 348
355 347
355 347
355 347
355 348
354 347
354 347
354 347
354 346
355 346
355 346
355 346
354 346
354 345
354 345
354 345
354 346
353 345
353 345
353 345
354 346
353 346
353 346
353 346
352 346
352 345
352 345
352 345
352 346
351 345
351 345
351 345
351 344
352 344
352 344
352 344
352 345
351 344
351 344
351 344
351 343
352 343
352 343
352 343
352 342
353 342
353 342
353 342
352 342
352 341
352 341
352 341
352 341
352 341
352 341
352 341
352 341
352 341
352 341
352 341
351 341
351 340
351 340
351 340
352 339
352 340
352 340
352 340
351 340
352 339
352 339
352 339
353 338
353 339
353 339
353 339
354 338
354 339
354 339
354 339
354 338
355 338
355 338
355 338
355 339
354 338
354 338
354 338
354 337
355 337
355 337
355 337
355 336
356 336
356 336
356 336
355 336
355 335
355 335
355 335
355 336
354 335
354 335
354 335
354 334
355 334
355 334
355 334
354 334
354 333
354 333
354 333
354 334
353 333
353 333
353 334
353 335
352 334
352 335
352 334
352 335
351 334
351 333
351 333
351 334
350 333
350 333
350 333
350 332
351 332
351 332
350 332
349 332
350 331
349 331
350 331
349 331
350 330
351 330
351 330
351 329
352 329
352 329
352 329
351 329
351 328
351 328
351 328
351 329
350 328
350 328
350 328
350 327
351 327
351 327
351 327
350 327
350 326
350 326
350 326
350 327
349 326
349 326
349 327
349 328
348 327
348 328
348 327
348 328
347 327
347 326
347 326
347 327
346 326
346 326
346 326
347 327
346 327
346 327
346 327
347 328
346 328
346 328
346 328
346 329
345 328
345 328
345 328
346 329
345 329
345 329
345 329
344 329
344 328
344 328
344 328
344 329
343 328
343 328
343 328
343 327
344 327
344 327
344 327
343 327
343 326
343 326
343 326
343 327
342 326
342 326
342 327
342 328
341 327
341 328
341 327
341 328
340 327
340 326
340 326
340 327
339 326
339 326
339 326
339 327
338 327
338 327
338 327
339 327
339 328
339 328
339 328
339 329
338 328
338 328
338 328
338 329
337 329
337 329
337 329
338 329
338 330
338 330
338 330
339 329
339 330
339 330
339 330
340 331
339 331
339 331
339 331
340 331
340 332
340 332
340 332
340 333
339 332
339 332
339 333
339 333
339 333
339 334
338 334
337 334
338 333
337 333
337 333
337 334
336 333
336 333
336 333
336 334
335 334
335 334
335 334
336 334
336 335
336 335
336 335
336 336
335 335
335 335
335 335
335 336
334 336
334 336
334 336
333 336
333 335
333 335
333 335
333 336
332 335
332 335
332 335
332 334
333 334
333 334
333 334
332 334
332 333
332 333
332 333
332 334
331 333
331 333
331 334
331 335
330 334
330 335
330 334
330 335
329 334
329 333
329 333
329 334
328 333
328 333
328 333
328 332
329 332
329 332
328 332
327 332
328 331
327 331
328 331
327 331
328 330
329 330
329 330
329 329
330 329
330 329
330 329
329 329
329 328
329 328
329 328
329 329
328 328
328 328
328 328
328 327
329 327
329 327
329 327
328 327
328 326
328 326
328 326
328 327
327 326
327 326
327 327
327 328
326 327
326 328
326 327
326 328
325 327
325 326
325 326
325 327
324 326
324 326
324 326
325 327
324 327
324 327
324 327
325 328
324 328
324 328
324 328
324 329
323 328
323 328
323 328
324 329
323 329
323 329
323 329
322 329
322 328
322 328
322 328
322 329
321 328
321 328
321 328
321 327
322 327
322 327
322 327
321 327
321 326
321 326
321 326
321 327
320 326
320 326
320 327
320 328
319 327
319 328
319 327
319 328
318 327
318 326
318 326
318 327
317 326
317 326
317 326
317 327
316 327
316 327
316 327
317 327
317 328
317 328
317 328
317 329
316 328
316 328
316 328
316 329
315 329
315 329
315 329
316 329
316 330
316 330
316 330
317 329
317 330
317 330
317 330
318 331
317 331
317 331
317 331
318 331
318 332
318 332
318 332
318 333
317 332
317 332
317 333
317 333
317 333
317 334
316 334
315 334
316 333
315 333
315 333
315 334
314 333
314 333
314 333
314 334
313 334
313 334
313 334
314 334
314 335
314 335
314 335
314 336
313 335
313 335
313 335
313 336
312 336
312 336
312 336
313 336
313 337
313 337
313 337
314 337
314 338
314 338
314 338
314 339
313 338
313 338
313 338
314 338
314 339
314 339
314 339
315 338
315 339
315 339
316 339
315 339
316 338
317 338
317 339
317 339
317 339
317 340
317 340
318 339
318 340
318 340
318 340
318 341
317 341
317 341
317 341
318 342
317 342
317 342
317 342
317 343
316 342
316 342
316 342
316 343
315 343
315 343
315 343
316 343
316 344
316 344
316 344
317 344
317 345
317 345
317 345
317 346
316 345
316 345
316 345
317 345
317 346
317 346
317 346
317 347
316 346
316 346
316 347
316 348
315 347
315 348
315 347
315 348
314 347
314 346
314 346
314 347
313 346
313 346
313 346
313 347
312 347
312 347
312 347
312 347
312 347
312 347
312 347
312 347
312 347
312 347
312 347
312 348
311 348
311 348
311 348
310 348
311 347
311 347
311 347
311 348
310 347
310 347
310 347
309 347
310 346
310 346
310 346
309 346
310 345
310 345
310 345
310 346
309 345
309 345
309 346
309 347
308 346
308 347
308 346
308 347
307 346
307 345
307 345
307 346
306 345
306 345
306 345
306 346
305 346
305 346
305 346
306 346
306 347
306 347
306 347
306 348
305 347
305 347
305 347
305 348
304 348
304 348
304 348
305 348
305 349
305 349
305 349
306 348
306 349
306 349
306 349
307 350
306 350
306 350
306 350
307 350
307 351
307 351
307 351
307 352
306 351
306 351
306 352
306 352
306 352
306 353
305 353
304 353
305 352
304 352
304 352
304 353
303 352
303 352
303 352
303 353
302 353
302 353
302 353
303 353
303 354
303 354
303 354
303 355
302 354
302 354
302 354
302 355
301 355
301 355
301 355
300 355
300 354
300 354
300 354
300 355
299 354
299 354
299 354
299 353
300 353
300 353
300 353
299 353
299 352
299 352
299 352
299 353
298 352
298 352
298 353
298 354
297 353
297 354
297 353
297 354
296 353
296 352
296 352
296 353
295 352
295 352
295 352
295 351
296 351
296 351
295 351
294 351
295 350
294 350
295 350
294 350
295 349
296 349
296 349
296 348
297 348
297 348
297 348
296 348
296 347
296 347
296 347
296 348
295 347
295 347
295 347
295 346
296 346
296 346
296 346
295 346
295 345
295 345
295 345
295 346
294 345
294 345
294 345
295 346
294 346
294 346
294 346
293 346
293 345
293 345
293 345
293 346
292 345
292 345
292 345
292 346
291 346
291 346
291 346
292 346
292 347
292 347
292 347
292 348
291 347
291 347
291 347
291 348
290 348
290 348
290 348
289 348
289 347
289 347
289 347
289 348
288 347
288 347
288 347
288 346
289 346
289 346
289 346
288 346
288 345
288 345
288 345
288 346
287 345
287 345
287 345
288 346
287 346
287 346
287 346
286 346
286 345
286 345
286 345
286 346
285 345
285 345
285 345
285 344
286 344
286 344
286 344
286 345
285 344
285 344
285 344
285 343
286 343
286 343
286 343
286 342
287 342
287 342
287 342
286 342
286 341
286 341
286 341
286 341
286 341
286 341
286 341
286 341
286 341
286 341
286 341
285 341
285 340
285 340
285 340
286 339
286 340
286 340
286 340
285 340
286 339
286 339
286 339
287 338
287 339
287 339
287 339
288 338
288 339
288 339
288 339
288 338
289 338
289 338
289 338
289 339
288 338
288 338
288 338
288 337
289 337
289 337
289 337
289 336
290 336
290 336
290 336
289 336
289 335
289 335
289 335
289 336
288 335
288 335
288 335
288 334
289 334
289 334
289 334
288 334
288 333
288 333
288 333
288 334
287 333
287 333
287 334
287 335
286 334
286 335
286 334
286 335
285 334
285 333
285 333
285 334
284 333
284 333
284 333
284 332
285 332
285 332
284 332
283 332
284 331
283 331
284 331
283 331
284 330
285 330
285 330
285 329
286 329
286 329
286 329
285 329
285 328
285 328
285 328
285 329
284 328
284 328
284 328
284 327
285 327
285 327
285 327
284 327
284 326
284 326
284 326
284 327
283 326
283 326
283 327
283 328
282 327
282 328
282 327
282 328
281 327
281 326
281 326
281 327
280 326
280 326
280 326
281 327
280 327
280 327
280 327
281 328
280 328
280 328
280 328
280 329
279 328
279 328
279 328
280 329
279 329
279 329
279 329
278 329
278 328
278 328
278 328
278 329
277 328
277 328
277 328
277 327
278 327
278 327
278 327
277 327
277 326
277 326
277 326
277 327
276 326
276 326
276 327
276 328
275 327
275 328
275 327
275 328
274 327
274 326
274 326
274 327
273 326
273 326
273 326
273 327
272 327
272 327
272 327
273 327
273 328
273 328
273 328
273 329
272 328
272 328
272 328
272 329
271 329
271 329
271 329
272 329
272 330
272 330
272 330
273 329
273 330
273 330
273 330
274 331
273 331
273 331
273 331
274 331
274 332
274 332
274 332
274 333
273 332
273 332
273 333
273 333
273 333
273 334
272 334
271 334
272 333
271 333
271 333
271 334
270 333
270 333
270 333
270 334
269 334
269 334
269 334
270 334
270 335
270 335
270 335
270 336
269 335
269 335
269 335
269 336
268 336
268 336
268 336
267 336
267 335
267 335
267 335
267 336
266 335
266 335
266 335
266 334
267 334
267 334
267 334
266 334
266 333
266 333
266 333
266 334
265 333
265 333
265 334
265 335
264 334
264 335
264 334
264 335
263 334
263 333
263 333
263 334
262 333
262 333
262 333
262 332
263 332
263 332
262 332
261 332
262 331
261 331
262 331
261 331
262 330
263 330
263 330
263 329
264 329
264 329
264 329
263 329
263 328
263 328
263 328
263 329
262 328
262 328
262 328
262 327
263 327
263 327
263 327
262 327
262 326
262 326
262 326
262 327
261 326
261 326
261 327
261 328
260 327
260 328
260 327
260 328
259 327
259 326
259 326
259 327
258 326
258 326
258 326
259 327
258 327
258 327
258 327
259 328
258 328
258 328
258 328
258 329
257 328
257 328
257 328
258 329
257 329
257 329
257 329
256 329
256 328
256 328
256 328
256 329
255 328
255 328
255 328
255 327
256 327
256 327
256 327
255 327
255 326
255 326
255 326
255 327
254 326
254 326
254 327
254 328
253 327
253 328
253 327
253 328
252 327
252 326
252 326
252 327
251 326
251 326
251 326
251 325
252 325
252 325
252 325
252 326
251 325
251 325
251 325
251 324
252 324
252 324
252 324
252 323
253 323
253 323
253 323
252 323
252 322
252 322
252 322
252 323
251 322
251 322
251 322
250 322
251 321
251 321
251 321
250 321
250 320
250 320
250 320
251 319
251 320
251 320
251 319
251 319
251 319
251 318
252 318
253 319
252 319
253 319
253 319
254 318
254 319
254 319
254 319
254 318
255 318
255 318
255 318
255 319
254 318
254 318
254 318
254 317
255 317
255 317
255 317
255 316
256 316
256 316
256 316
255 316
255 315
255 315
255 315
255 316
254 315
254 315
254 315
254 314
255 314
255 314
255 314
254 314
254 313
254 313
254 313
254 314
253 313
253 313
252 313
253 314
252 314
251 314
251 313
251 313
251 313
251 312
251 312
251 313
250 312
250 312
250 312
250 311
251 311
251 311
251 311
250 311
251 310
251 310
251 310
252 309
252 310
252 310
252 310
252 309
253 309
253 309
253 309
252 309
252 308
252 308
252 308
252 309
251 308
251 308
251 308
251 307
252 307
252 307
252 307
251 307
251 306
251 306
251 306
252 305
252 306
252 306
252 305
253 304
253 305
253 304
253 305
254 304
254 305
254 306
254 306
255 305
255 306
255 306
255 306
255 305
256 305
256 305
256 305
256 305
256 305
256 305
256 305
256 305
256 305
256 305
256 305
256 304
257 304
257 304
257 304
258 305
257 305
257 305
257 305
258 304
258 305
258 305
258 305
259 306
258 306
258 306
258 306
259 307
258 307
258 307
258 307
259 306
259 307
259 307
259 306
260 305
260 306
260 305
260 306
261 305
261 306
261 307
261 307
262 306
262 307
262 307
262 307
262 306
263 306
263 306
263 306
263 307
262 306
262 306
262 306
262 305
263 305
263 305
263 305
263 304
264 304
264 304
264 304
263 304
263 303
263 303
263 303
263 304
262 303
262 303
262 303
261 303
262 302
262 302
262 302
261 302
261 301
261 301
261 301
262 300
262 301
262 301
262 300
262 300
262 300
262 299
263 299
264 300
263 300
264 300
264 300
265 299
265 300
265 300
265 300
265 299
266 299
266 299
266 299
266 300
265 299
265 299
265 299
265 298
266 298
266 298
266 298
266 297
267 297
267 297
267 297
266 297
266 296
266 296
266 296
266 297
265 296
265 296
265 296
265 295
266 295
266 295
266 295
265 295
265 294
265 294
265 294
265 295
264 294
264 294
263 294
264 295
263 295
262 295
262 294
262 294
262 294
262 293
262 293
262 294
261 293
261 293
261 293
261 292
262 292
262 292
262 292
261 292
262 291
262 291
262 291
263 290
263 291
263 291
263 291
263 290
264 290
264 290
264 290
263 290
263 289
263 289
263 289
263 290
262 289
262 289
262 289
262 288
263 288
263 288
263 288
262 288
262 287
262 287
262 287
262 288
261 287
261 287
261 288
261 289
260 288
260 289
260 288
260 289
259 288
259 287
259 287
259 288
258 287
258 287
258 287
259 288
258 288
258 288
258 288
259 289
258 289
258 289
258 289
258 290
257 289
257 289
257 289
258 290
257 290
257 290
257 290
256 290
256 289
256 289
256 289
256 289
256 289
256 289
256 289
256 289
256 289
256 289
256 289
255 289
255 288
255 288
255 288
255 289
254 288
254 288
254 289
254 290
253 289
253 290
253 289
253 290
252 289
252 288
252 288
252 289
251 288
251 288
251 288
251 287
252 287
252 287
252 287
252 288
251 287
251 287
251 287
251 286
252 286
252 286
252 286
252 285
253 285
253 285
253 285
252 285
252 284
252 284
252 284
252 285
251 284
251 284
251 284
250 284
251 283
251 283
251 283
250 283
250 282
250 282
250 282
251 281
251 282
251 282
251 281
251 281
251 281
251 280
252 280
253 281
252 281
253 281
253 281
254 280
254 281
254 281
254 281
254 280
255 280
255 280
255 280
255 281
254 280
254 280
254 280
254 279
255 279
255 279
255 279
255 278
256 278
256 278
256 278
255 278
255 277
255 277
255 277
255 278
254 277
254 277
254 277
254 276
255 276
255 276
255 276
254 276
254 275
254 275
254 275
254 276
253 275
253 275
252 275
253 276
252 276
251 276
251 275
251 275
251 275
251 274
251 274
251 275
250 274
250 274
250 274
250 273
251 273
251 273
251 273
250 273
251 272
251 272
251 272
252 271
252 272
252 272
252 272
252 271
253 271
253 271
253 271
252 271
252 270
252 270
252 270
252 271
251 270
251 270
251 270
251 269
252 269
252 269
252 269
251 269
251 268
251 268
251 268
252 267
252 268
252 268
252 267
253 266
253 267
253 266
253 267
254 266
254 267
254 268
254 268
255 267
255 268
255 268
255 268
255 267
256 267
256 267
256 267
256 268
255 267
255 267
255 267
255 266
256 266
256 266
256 266
256 265
257 265
257 265
257 265
258 266
257 266
257 266
257 266
258 265
258 266
258 266
258 266
259 267
258 267
258 267
258 267
259 268
258 268
258 268
258 268
259 267
259 268
259 268
259 267
260 266
260 267
260 266
260 267
261 266
261 267
261 268
261 268
262 267
262 268
262 268
262 268
262 267
263 267
263 267
263 267
263 268
262 267
262 267
262 267
262 266
263 266
263 266
263 266
263 265
264 265
264 265
264 265
263 265
263 264
263 264
263 264
263 265
262 264
262 264
262 264
262 263
263 263
263 263
263 263
262 263
262 262
262 262
262 262
263 261
263 262
263 262
263 261
264 260
264 261
264 260
264 261
265 260
265 261
265 262
265 262
266 261
266 262
266 262
266 262
266 261
267 261
267 261
267 261
267 262
266 261
266 261
266 261
266 260
267 260
267 260
267 260
267 259
268 259
268 259
268 259
269 259
269 260
269 260
269 260
270 260
270 261
270 261
270 261
270 262
269 261
269 261
269 261
270 261
270 262
270 262
270 262
271 261
271 262
271 262
272 262
271 262
272 261
273 261
273 262
273 262
273 262
273 263
273 263
274 262
274 263
274 263
274 263
274 264
273 264
273 264
273 264
274 265
273 265
273 265
273 265
273 266
272 265
272 265
272 265
272 266
271 266
271 266
271 266
272 266
272 267
272 267
272 267
273 267
273 268
273 268
273 268
273 269
272 268
272 268
272 268
273 268
273 269
273 269
273 269
274 268
274 269
274 269
274 268
275 267
275 268
275 267
275 268
276 267
276 268
276 269
276 269
277 268
277 269
277 269
277 269
277 268
278 268
278 268
278 268
278 269
277 268
277 268
277 268
277 267
278 267
278 267
278 267
278 266
279 266
279 266
279 266
280 267
279 267
279 267
279 267
280 266
280 267
280 267
280 267
281 268
280 268
280 268
280 268
281 269
280 269
280 269
280 269
281 268
281 269
281 269
281 268
282 267
282 268
282 267
282 268
283 267
283 268
283 269
283 269
284 268
284 269
284 269
284 269
284 268
285 268
285 268
285 268
285 269
284 268
284 268
284 268
284 267
285 267
285 267
285 267
285 266
286 266
286 266
286 266
285 266
285 265
285 265
285 265
285 266
284 265
284 265
284 265
283 265
284 264
284 264
284 264
283 264
283 263
283 263
283 263
284 262
284 263
284 263
284 262
284 262
284 262
284 261
285 261
286 262
285 262
286 262
286 262
287 261
287 262
287 262
287 262
287 261
288 261
288 261
288 261
288 262
287 261
287 261
287 261
287 260
288 260
288 260
288 260
288 259
289 259
289 259
289 259
288 259
288 258
288 258
288 258
288 259
287 258
287 258
287 258
287 257
288 257
288 257
288 257
287 257
287 256
287 256
287 256
287 257
286 256
286 256
285 256
286 257
285 257
284 257
284 256
284 256
284 256
284 255
284 255
284 256
283 255
283 255
283 255
283 254
284 254
284 254
284 254
283 254
284 253
284 253
284 253
285 252
285 253
285 253
285 253
285 252
286 252
286 252
286 252
285 252
285 251
285 251
285 251
285 252
284 251
284 251
284 251
284 250
285 250
285 250
285 250
284 250
284 249
284 249
284 249
285 248
285 249
285 249
285 248
286 247
286 248
286 247
286 248
287 247
287 248
287 249
287 249
288 248
288 249
288 249
288 249
288 248
289 248
289 248
289 248
289 248
289 248
289 248
289 248
289 248
289 248
289 248
289 248
289 247
290 247
290 247
290 247
291 248
290 248
290 248
290 248
291 247
291 248
291 248
291 248
292 249
291 249
291 249
291 249
292 250
291 250
291 250
291 250
292 249
292 250
292 250
292 249
293 248
293 249
293 248
293 249
294 248
294 249
294 250
294 250
295 249
295 250
295 250
295 250
295 249
296 249
296 249
296 249
296 250
295 249
295 249
295 249
295 248
296 248
296 248
296 248
296 247
297 247
297 247
297 247
296 247
296 246
296 246
296 246
296 247
295 246
295 246
295 246
294 246
295 245
295 245
295 245
294 245
294 244
294 244
294 244
295 243
295 244
295 244
295 243
295 243
295 243
295 242
296 242
297 243
296 243
297 243
297 243
298 242
298 243
298 243
298 243
298 242
299 242
299 242
299 242
299 243
298 242
298 242
298 242
298 241
299 241
299 241
299 241
299 240
300 240
300 240
300 240
299 240
299 239
299 239
299 239
299 240
298 239
298 239
298 239
298 238
299 238
299 238
299 238
298 238
298 237
298 237
298 237
298 238
297 237
297 237
297 238
297 239
296 238
296 239
296 238
296 239
295 238
295 237
295 237
295 238
294 237
294 237
294 237
294 236
295 236
295 236
294 236
293 236
294 235
293 235
294 235
293 235
294 234
295 234
295 234
295 233
296 233
296 233
296 233
295 233
295 232
295 232
295 232
295 233
294 232
294 232
294 232
294 231
295 231
295 231
295 231
294 231
294 230
294 230
294 230
294 231
293 230
293 230
293 230
294 231
293 231
293 231
293 231
292 231
292 230
292 230
292 230
292 231
291 230
291 230
291 230
291 231
290 231
290 231
290 231
291 231
291 232
291 232
291 232
291 233
290 232
290 232
290 232
290 233
289 233
289 233
289 233
288 233
288 232
288 232
288 232
288 233
287 232
287 232
287 232
287 231
288 231
288 231
288 231
287 231
287 230
287 230
287 230
287 231
286 230
286 230
286 230
287 231
286 231
286 231
286 231
285 231
285 230
285 230
285 230
285 231
284 230
284 230
284 230
284 229
285 229
285 229
285 229
285 230
284 229
284 229
284 229
284 228
285 228
285 228
285 228
285 227
286 227
286 227
286 227
285 227
285 226
285 226
285 226
285 226
285 226
285 226
285 226
285 226
285 226
285 226
285 226
284 226
284 225
284 225
284 225
285 224
285 225
285 225
285 225
284 225
285 224
285 224
285 224
286 223
286 224
286 224
286 224
287 223
287 224
287 224
287 224
287 223
288 223
288 223
288 223
288 224
287 223
287 223
287 223
287 222
288 222
288 222
288 222
288 221
289 221
289 221
289 221
288 221
288 220
288 220
288 220
288 221
287 220
287 220
287 220
287 219
288 219
288 219
288 219
287 219
287 218
287 218
287 218
287 219
286 218
286 218
286 219
286 220
285 219
285 220
285 219
285 220
284 219
284 218
284 218
284 219
283 218
283 218
283 218
283 217
284 217
284 217
283 217
282 217
283 216
282 216
283 216
282 216
283 215
284 215
284 215
284 214
285 214
285 214
285 214
284 214
284 213
284 213
284 213
284 214
283 213
283 213
283 213
283 212
284 212
284 212
284 212
283 212
283 211
283 211
283 211
283 212
282 211
282 211
282 212
282 213
281 212
281 213
281 212
281 213
280 212
280 211
280 211
280 212
279 211
279 211
279 211
280 212
279 212
279 212
279 212
280 213
279 213
279 213
279 213
279 214
278 213
278 213
278 213
279 214
278 214
278 214
278 214
277 214
277 213
277 213
277 213
277 214
276 213
276 213
276 213
276 212
277 212
277 212
277 212
276 212
276 211
276 211
276 211
276 212
275 211
275 211
275 212
275 213
274 212
274 213
274 212
274 213
273 212
273 211
273 211
273 212
272 211
272 211
272 211
272 212
271 212
271 212
271 212
272 212
272 213
272 213
272 213
272 214
271 213
271 213
271 213
271 214
270 214
270 214
270 214
271 214
271 215
271 215
271 215
272 215
272 216
272 216
272 216
272 217
271 216
271 216
271 216
272 216
272 217
272 217
272 217
272 218
271 217
271 217
271 218
271 219
270 218
270 219
270 218
270 219
269 218
269 217
269 217
269 218
268 217
268 217
268 217
268 218
267 218
267 218
267 218
268 218
268 219
268 219
268 219
268 220
267 219
267 219
267 219
267 220
266 220
266 220
266 220
265 220
265 219
265 219
265 219
265 220
264 219
264 219
264 219
264 218
265 218
265 218
265 218
264 218
264 217
264 217
264 217
264 218
263 217
263 217
262 217
263 218
262 218
261 218
261 217
261 217
261 217
261 216
261 216
261 217
260 216
260 216
260 216
260 215
261 215
261 215
261 215
260 215
261 214
261 214
261 214
262 213
262 214
262 214
262 214
262 213
263 213
263 213
263 213
262 213
262 212
262 212
262 212
262 213
261 212
261 212
261 212
261 211
262 211
262 211
262 211
261 211
261 210
261 210
261 210
261 211
260 210
260 210
260 211
260 212
259 211
259 212
259 211
259 212
258 211
258 210
258 210
258 211
257 210
257 210
257 210
258 211
257 211
257 211
257 211
258 212
257 212
257 212
257 212
257 213
256 212
256 212
256 212
257 213
256 213
256 213
256 213
255 213
255 212
255 212
255 212
255 213
254 212
254 212
254 212
254 211
255 211
255 211
255 211
254 211
254 210
254 210
254 210
254 211
253 210
253 210
253 211
253 212
252 211
252 212
252 211
252 212
251 211
251 210
251 210
251 211
250 210
250 210
250 210
250 209
251 209
251 209
251 209
251 210
250 209
250 209
250 209
250 208
251 208
251 208
251 208
251 207
252 207
252 207
252 207
251 207
251 206
251 206
251 206
251 207
250 206
250 206
250 206
250 205
251 205
251 205
251 205
250 205
250 204
250 204
250 204
251 203
251 204
251 204
251 203
252 202
252 203
252 202
252 203
253 202
253 203
253 204
253 204
254 203
254 204
254 204
254 204
254 203
255 203
255 203
255 203
255 204
254 203
254 203
254 203
254 202
255 202
255 202
255 202
255 201
256 201
256 201
256 201
255 201
255 200
255 200
255 200
255 201
254 200
254 200
254 200
254 199
255 199
255 199
255 199
254 199
254 198
254 198
254 198
254 199
253 198
253 198
253 199
253 200
252 199
252 200
252 199
252 200
251 199
251 198
251 198
251 199
250 198
250 198
250 198
250 197
251 197
251 197
251 197
251 198
250 197
250 197
250 197
250 196
251 196
251 196
251 196
251 195
252 195
252 195
252 195
251 195
251 194
251 194
251 194
251 195
250 194
250 194
250 194
250 193
251 193
251 193
251 193
250 193
250 192
250 192
250 192
251 191
251 192
251 192
251 191
252 190
252 191
252 190
252 191
253 190
253 191
253 192
253 192
254 191
254 192
254 192
254 192
253 192
254 191
254 191
254 191
253 191
254 190
254 190
254 190
255 189
255 190
255 190
255 190
254 190
255 189
255 189
255 189
256 189
256 190
256 190
256 190
256 190
256 190
256 190
256 190
256 190
256 190
256 190
256 190
257 190
257 191
257 191
257 191
258 190
258 191
258 191
258 190
259 189
259 190
259 189
259 190
260 189
260 190
260 191
260 191
261 190
261 191
261 191
261 191
261 190
262 190
262 190
262 190
262 191
261 190
261 190
261 190
261 189
262 189
262 189
262 189
262 188
263 188
263 188
263 188
262 188
262 187
262 187
262 187
262 188
261 187
261 187
261 187
261 186
262 186
262 186
262 186
261 186
261 185
261 185
261 185
262 184
262 185
262 185
262 184
263 183
263 184
263 183
263 184
264 183
264 184
264 185
264 185
265 184
265 185
265 185
265 185
265 184
266 184
266 184
266 184
266 185
265 184
265 184
265 184
265 183
266 183
266 183
266 183
266 182
267 182
267 182
267 182
266 182
266 181
266 181
266 181
266 182
265 181
265 181
265 181
265 180
266 180
266 180
266 180
265 180
265 179
265 179
265 179
265 180
264 179
264 179
264 180
264 181
263 180
263 181
263 180
263 181
262 180
262 179
262 179
262 180
261 179
261 179
261 179
261 178
262 178
262 178
261 178
260 178
261 177
260 177
261 177
260 177
261 176
262 176
262 176
262 175
263 175
263 175
263 175
262 175
262 174
262 174
262 174
262 175
261 174
261 174
261 174
261 173
262 173
262 173
262 173
261 173
261 172
261 172
261 172
261 173
260 172
260 172
260 172
261 173
260 173
260 173
260 173
259 173
259 172
259 172
259 172
259 173
258 172
258 172
258 172
258 173
257 173
257 173
257 173
258 173
258 174
258 174
258 174
258 175
257 174
257 174
257 174
257 175
256 175
256 175
256 175
255 175
255 174
255 174
255 174
255 175
254 174
254 174
254 174
254 173
255 173
255 173
255 173
254 173
254 172
254 172
254 172
254 173
253 172
253 172
253 172
254 173
253 173
253 173
253 173
252 173
252 172
252 172
252 172
252 173
251 172
251 172
251 172
251 171
252 171
252 171
252 171
252 172
251 171
251 171
251 171
251 170
252 170
252 170
252 170
252 169
253 169
253 169
253 169
252 169
252 168
252 168
252 168
252 168
252 168
252 168
252 168
252 168
252 168
252 168
252 168
251 168
251 167
251 167
251 167
252 166
252 167
252 167
252 167
251 167
252 166
252 166
252 166
253 165
253 166
253 166
253 166
254 165
254 166
254 166
254 166
254 165
255 165
255 165
255 165
255 166
254 165
254 165
254 165
254 164
255 164
255 164
255 164
255 163
256 163
256 163
256 163
255 163
255 162
255 162
255 162
255 163
254 162
254 162
254 162
254 161
255 161
255 161
255 161
254 161
254 160
254 160
254 160
254 161
253 160
253 160
253 161
253 162
252 161
252 162
252 161
252 162
251 161
251 160
251 160
251 161
250 160
250 160
250 160
250 159
251 159
251 159
250 159
249 159
250 158
249 158
250 158
249 158
250 157
251 157
251 157
251 156
252 156
252 156
252 156
251 156
251 155
251 155
251 155
251 156
250 155
250 155
250 155
250 154
251 154
251 154
251 154
250 154
250 153
