150 400
155 391
149 382
160 382
166 372
161 362
149 362
155 352
149 342
160 342
165 332
171 342
183 343
188 334
182 323
194 324
200 314
195 305
183 305
189 295
183 285
172 285
166 294
161 285
149 285
154 276
148 265
160 266
166 256
161 247
149 247
155 237
149 227
160 227
165 217
171 227
182 227
187 217
181 206
193 207
199 197
204 207
215 206
210 217
216 227
227 227
232 217
238 227
250 227
255 218
248 208
260 208
266 198
261 188
249 188
255 178
249 168
260 168
265 158
271 168
283 169
288 160
282 149
294 150
300 140
305 149
315 149
310 158
316 168
327 168
332 158
338 168
349 167
344 177
350 186
339 187
333 197
338 206
349 205
344 216
350 226
361 226
366 216
372 226
383 226
388 217
381 207
393 207
399 197
404 206
415 205
410 216
416 226
427 226
432 216
438 226
450 226
445 235
451 244
440 245
434 255
439 264
450 264
444 274
450 284
439 284
433 293
428 284
417 284
412 293
417 303
406 303
400 313
405 322
416 322
410 332
416 342
427 342
432 332
438 342
449 341
444 351
450 360
439 361
433 371
438 380
449 379
444 390
450 400
439 400
433 409
428 400
417 400
412 409
416 418
406 418
400 428
395 419
384 418
390 410
384 400
373 400
367 409
362 400
350 400
345 409
350 417
340 418
334 428
339 437
350 437
344 447
350 457
339 457
333 466
328 457
317 457
312 466
317 476
306 476
300 486
295 477
284 476
290 468
284 458
273 458
267 467
262 458
250 458
255 449
249 438
261 439
267 429
262 420
250 420
256 410
250 400
239 400
233 409
228 400
217 400
212 409
216 418
206 418
200 428
195 419
184 418
190 410
184 400
173 400
167 409
162 400
