150 400
151 397
149 393
153 394
155 391
153 388
149 388
151 385
149 382
152 382
154 378
156 382
160 382
162 379
160 375
164 376
166 372
165 369
161 369
163 366
161 362
157 362
155 365
153 362
149 362
151 359
149 355
153 356
155 352
153 349
149 349
151 346
149 342
152 342
154 338
156 342
160 342
161 339
159 335
163 336
165 332
167 335
170 334
169 338
171 342
175 342
177 338
179 342
183 343
184 340
182 336
186 337
188 334
186 331
181 330
184 327
182 323
186 323
188 319
190 323
194 324
196 321
194 317
198 318
200 314
199 311
195 311
197 308
195 305
191 305
189 308
187 305
183 305
185 302
183 298
187 299
189 295
187 292
183 292
185 289
183 285
180 285
178 288
176 285
172 285
170 288
171 291
168 291
166 294
165 291
161 291
163 288
161 285
157 285
155 288
153 285
149 285
150 282
148 278
152 279
154 276
152 273
147 272
150 269
148 265
152 265
154 261
156 265
160 266
162 263
160 259
164 260
166 256
165 253
161 253
163 250
161 247
157 247
155 250
153 247
149 247
151 244
149 240
153 241
155 237
153 234
149 234
151 231
149 227
152 227
154 223
156 227
160 227
161 224
159 220
163 221
165 217
167 220
170 219
169 223
171 227
174 227
176 223
178 227
182 227
183 224
181 220
185 221
187 217
185 214
180 213
183 210
181 206
185 206
187 202
189 206
193 207
195 204
193 200
197 201
199 197
200 200
203 199
202 203
204 207
207 207
209 203
211 207
215 206
214 209
216 212
212 213
210 217
212 220
215 219
214 223
216 227
219 227
221 223
223 227
227 227
228 224
226 220
230 221
232 217
234 220
237 219
236 223
238 227
242 227
244 223
246 227
250 227
251 224
249 220
253 221
255 218
253 215
249 215
251 212
248 208
252 208
254 204
256 208
260 208
262 205
260 201
264 202
266 198
265 195
261 195
263 192
261 188
257 188
255 191
253 188
249 188
251 185
249 181
253 182
255 178
253 175
249 175
251 172
249 168
252 168
254 164
256 168
260 168
261 165
259 161
263 162
265 158
267 161
270 160
269 164
271 168
275 168
277 164
279 168
283 169
284 166
282 162
286 163
288 160
286 157
281 156
284 153
282 149
286 149
288 145
290 149
294 150
296 147
294 143
298 144
300 140
301 143
304 142
303 146
305 149
308 149
309 146
311 149
315 149
314 152
315 155
312 155
310 158
312 161
315 160
314 164
316 168
319 168
321 164
323 168
327 168
328 165
326 161
330 162
332 158
334 161
337 160
336 164
338 168
341 168
343 164
345 168
349 167
348 170
349 173
346 173
344 177
346 180
349 179
348 183
350 186
347 186
345 189
343 186
339 187
337 190
338 193
335 193
333 197
334 200
337 199
336 203
338 206
341 206
343 202
345 206
349 205
348 208
350 211
346 212
344 216
346 219
349 218
348 222
350 226
353 226
355 222
357 226
361 226
362 223
360 219
364 220
366 216
368 219
371 218
370 222
372 226
375 226
377 222
379 226
383 226
384 223
382 219
386 220
388 217
386 214
382 214
384 211
381 207
385 207
387 203
389 207
393 207
395 204
393 200
397 201
399 197
400 200
403 199
402 203
404 206
407 206
409 202
411 206
415 205
414 208
416 211
412 212
410 216
412 219
415 218
414 222
416 226
419 226
421 222
423 226
427 226
428 223
426 219
430 220
432 216
434 219
437 218
436 222
438 226
442 226
444 222
446 226
450 226
449 229
450 232
447 232
445 235
447 238
450 237
449 241
451 244
448 244
446 247
444 244
440 245
438 248
439 251
436 251
434 255
435 258
438 257
437 261
439 264
442 264
444 260
446 264
450 264
448 267
449 270
446 270
444 274
446 277
449 276
448 280
450 284
447 284
445 287
443 284
439 284
437 287
438 290
435 290
433 293
432 290
428 290
430 287
428 284
425 284
423 287
421 284
417 284
416 287
417 290
414 290
412 293
413 296
416 295
415 299
417 303
414 303
412 306
410 303
406 303
404 306
405 309
402 309
400 313
401 316
404 315
403 319
405 322
408 322
410 318
412 322
416 322
414 325
415 328
412 328
410 332
412 335
415 334
414 338
416 342
419 342
421 338
423 342
427 342
428 339
426 335
430 336
432 332
434 335
437 334
436 338
438 342
441 342
443 338
445 342
449 341
448 344
449 347
446 347
444 351
446 354
449 353
448 357
450 360
447 360
445 363
443 360
439 361
437 364
438 367
435 367
433 371
434 374
437 373
436 377
438 380
441 380
443 376
445 380
449 379
448 382
450 385
446 386
444 390
446 393
449 392
448 396
450 400
447 400
445 403
443 400
439 400
437 403
438 406
435 406
433 409
432 406
428 406
430 403
428 400
425 400
423 403
421 400
417 400
416 403
417 406
414 406
412 409
413 412
416 412
414 415
416 418
413 418
411 420
410 418
406 418
404 421
405 424
402 424
400 428
399 425
395 425
397 422
395 419
392 419
390 422
388 419
384 418
386 416
384 412
388 413
390 410
388 407
384 407
386 404
384 400
381 400
379 403
377 400
373 400
371 403
372 406
369 406
367 409
366 406
362 406
364 403
362 400
358 400
356 403
354 400
350 400
349 403
350 406
347 406
345 409
346 411
349 410
348 414
350 417
347 417
345 419
344 417
340 418
338 421
339 424
336 424
334 428
335 431
338 430
337 434
339 437
342 437
344 433
346 437
350 437
348 440
349 443
346 443
344 447
346 450
349 449
348 453
350 457
347 457
345 460
343 457
339 457
337 460
338 463
335 463
333 466
332 463
328 463
330 460
328 457
325 457
323 460
321 457
317 457
316 460
317 463
314 463
312 466
313 469
316 468
315 472
317 476
314 476
312 479
310 476
306 476
304 479
305 482
302 482
300 486
299 483
295 483
297 480
295 477
292 477
290 480
288 477
284 476
286 474
284 470
288 471
290 468
288 465
284 465
286 462
284 458
281 458
279 461
277 458
273 458
271 461
272 464
269 464
267 467
266 464
262 464
264 461
262 458
258 458
256 461
254 458
250 458
251 455
249 451
253 452
255 449
253 446
248 445
251 442
249 438
253 438
255 434
257 438
261 439
263 436
261 432
265 433
267 429
266 426
262 426
264 423
262 420
258 420
256 423
254 420
250 420
252 417
250 413
254 414
256 410
254 407
250 407
252 404
250 400
247 400
245 403
243 400
239 400
237 403
238 406
235 406
233 409
232 406
228 406
230 403
228 400
225 400
223 403
221 400
217 400
216 403
217 406
214 406
212 409
213 412
216 412
214 415
216 418
213 418
211 420
210 418
206 418
204 421
205 424
202 424
200 428
199 425
195 425
197 422
195 419
192 419
190 422
188 419
184 418
186 416
184 412
188 413
190 410
188 407
184 407
186 404
184 400
181 400
179 403
177 400
173 400
171 403
172 406
169 406
167 409
166 406
162 406
164 403
162 400
158 400
156 403
154 400
